Site	UnPlot	UniquePair	Treatment	Time	RealTime	jaccdist	Heucdist	Abund	Estar	Hstar	Dstar	Adpalms
CAR	CARclosed1	CAR1	closed	0	0	0,606011172	0,79702466	22	0,93506006	1,845742214	7,683029984	5
CAR	CARopen1	CAR1	open	0	0	0,53755604	0,72981071	20	0,755928936	1,541808808	5,396778355	5
CAR	CARclosed10	CAR10	closed	0	0	0,619609689	0,66154089	56	0,435326911	0,996366732	3,252470926	7
CAR	CARopen10	CAR10	open	0	0	0,527964736	0,688142671	23	0,70490922	1,097446325	3,923138158	7
CAR	CARclosed11	CAR11	closed	0	0	0,558232113	0,691759999	24	0,63017663	1,360359025	4,724309137	6
CAR	CARopen11	CAR11	open	0	0	0,593382342	0,658888566	53	0,483781233	1,972399851	6,186352463	6
CAR	CARclosed12	CAR12	closed	0	0	0,573077066	0,735212735	19	0,649198812	1,25119005	4,58614447	7
CAR	CARopen12	CAR12	open	0	0	0,552296692	0,684453813	12	0,822261123	1,316987326	4,65405374	7
CAR	CARclosed14	CAR14	closed	0	0	0,615712482	0,892263704	20	0,80130021	1,918305958	7,21449955	2
CAR	CARopen14	CAR14	open	0	0	0,663952698	0,894679959	24	0,641574282	2,001018826	7,311839295	2
CAR	CARclosed15	CAR15	closed	0	0	0,637783467	0,829493406	5	NA	NA	NA	6
CAR	CARopen15	CAR15	open	0	0	0,561992968	0,742498604	13	0,71290124	1,565367505	5,283070218	6
CAR	CARclosed2	CAR2	closed	0	0	0,620744855	0,851283172	44	0,872944209	2,877279914	12,95910895	5
CAR	CARopen2	CAR2	open	0	0	0,624455828	0,793028667	64	0,627246721	2,26002679	9,403847874	5
CAR	CARclosed3	CAR3	closed	0	0	0,620058351	0,826109731	31	0,618704669	1,569511676	5,547289922	4
CAR	CARopen3	CAR3	open	0	0	0,536930142	0,6907243	20	0,628608835	1,362982979	4,811109691	4
CAR	CARclosed4	CAR4	closed	0	0	0,618038439	0,845458376	55	0,706122357	2,26273506	9,073890079	1
CAR	CARopen4	CAR4	open	0	0	0,671591893	0,923248608	42	0,613847598	2,057182454	7,435471816	1
CAR	CARclosed5	CAR5	closed	0	0	0,716291275	1,014423922	47	0,152863238	0,168926093	1,200336212	7
CAR	CARopen5	CAR5	open	0	0	0,559554564	0,76868897	49	0,67681149	1,77937119	6,487006697	7
CAR	CARclosed8	CAR8	closed	0	0	0,560206361	0,63396186	64	0,533876142	1,914924399	7,165591626	9
CAR	CARopen8	CAR8	open	0	0	0,610185897	0,751633033	57	0,41582835	0,893386077	2,805642546	9
CAR	CARclosed9	CAR9	closed	0	0	0,561883654	0,679637254	40	0,55294562	1,802667718	6,131980609	16
CAR	CARopen9	CAR9	open	0	0	0,551393127	0,773857018	25	0,788898641	1,637794126	6,541263669	16
CAR	CARclosed1	CAR1	closed	6	5	0,626952854	0,83204188	18	NA	NA	NA	5
CAR	CARopen1	CAR1	open	6	5	0,577357215	0,763811148	18	0,799593598	1,640397082	5,650648902	5
CAR	CARclosed10	CAR10	closed	6	5	0,569054443	0,555061836	54	0,458333507	1,073226829	3,561821219	7
CAR	CARopen10	CAR10	open	6	5	0,612224759	0,774255549	14	0,865616348	0,960128541	3,680679096	7
CAR	CARclosed11	CAR11	closed	6	5	0,538159803	0,630913808	24	0,602838497	1,209667049	4,14421832	6
CAR	CARopen11	CAR11	open	6	5	0,550834027	0,614558821	47	0,555461967	1,859831831	6,318652639	6
CAR	CARclosed12	CAR12	closed	6	5	0,53304016	0,63200894	28	0,49543165	1,332322534	4,143925203	7
CAR	CARopen12	CAR12	open	6	5	0,509429507	0,603763674	19	0,577483632	0,844981968	2,938864149	7
CAR	CARclosed14	CAR14	closed	6	5	0,612108359	0,826660233	21	0,818331282	2,093184982	8,149223549	2
CAR	CARopen14	CAR14	open	6	5	0,68031334	0,990630425	11	0,799593598	1,640397082	5,650648902	2
CAR	CARclosed15	CAR15	closed	6	5	0,561494844	0,5960621	12	0,758652375	1,215699211	4,324527372	6
CAR	CARopen15	CAR15	open	6	5	0,606689603	0,82409547	15	0,833881967	1,796052374	7,109685045	6
CAR	CARclosed2	CAR2	closed	6	5	0,623759725	0,871352443	37	0,897775171	2,753198055	12,9758505	5
CAR	CARopen2	CAR2	open	6	5	0,614351248	0,813042454	53	0,656336027	1,756764473	7,363054017	5
CAR	CARclosed3	CAR3	closed	6	5	0,6456788	0,882607361	28	0,628608835	1,362982979	4,811109691	4
CAR	CARopen3	CAR3	open	6	5	0,528350421	0,666102188	18	0,626459931	1,295298958	4,440020423	4
CAR	CARclosed4	CAR4	closed	6	5	0,643927264	0,898069554	53	0,713574516	2,196590378	8,840323198	1
CAR	CARopen4	CAR4	open	6	5	0,649893735	0,923991928	40	0,596266338	1,870116118	6,487012865	1
CAR	CARclosed5	CAR5	closed	6	5	0,706791093	1,007098045	50	0,18666836	0,232354428	1,290851858	7
CAR	CARopen5	CAR5	open	6	5	0,638286964	0,855467171	30	0,791937248	1,326305915	5,360819695	7
CAR	CARclosed8	CAR8	closed	6	5	0,572952655	0,66339862	64	0,528561295	1,861305667	6,938255844	9
CAR	CARopen8	CAR8	open	6	5	0,658749603	0,858764836	47	0,376077195	0,55890224	1,954447644	9
CAR	CARclosed9	CAR9	closed	6	5	0,562181473	0,627345829	50	0,451631843	1,340862634	4,202339261	16
CAR	CARopen9	CAR9	open	6	5	0,613459555	0,662813995	46	0,39684311	0,673281245	2,244316447	16
CAR	CARclosed1	CAR1	closed	12	12	0,62615107	0,815637678	14	NA	NA	NA	5
CAR	CARopen1	CAR1	open	12	12	0,582504916	0,766385721	12	NA	NA	NA	5
CAR	CARclosed10	CAR10	closed	12	12	0,566182221	0,617378194	42	0,519565083	1,256196204	4,339398637	7
CAR	CARopen10	CAR10	open	12	12	0,594521158	0,780421327	9	0,865616348	0,960128541	3,680679096	7
CAR	CARclosed11	CAR11	closed	12	12	0,519560874	0,631014639	22	0,652865406	1,182761658	4,251034968	6
CAR	CARopen11	CAR11	open	12	12	0,547005431	0,631169842	32	0,690155707	1,948313934	7,427075369	6
CAR	CARclosed12	CAR12	closed	12	12	0,527735709	0,669755991	19	0,559757716	1,257444677	3,929687208	7
CAR	CARopen12	CAR12	open	12	12	0,542171445	0,678750746	13	0,801227064	1,065442669	4,105061261	7
CAR	CARclosed14	CAR14	closed	12	12	0,606246867	0,809574648	21	0,818331282	2,093184982	8,149223549	2
CAR	CARopen14	CAR14	open	12	12	0,66348184	0,961792294	9	0,822261123	1,316987326	4,65405374	2
CAR	CARclosed15	CAR15	closed	12	12	0,532686698	0,603620067	13	0,661387626	0,893204375	3,134115302	6
CAR	CARopen15	CAR15	open	12	12	0,60979681	0,827805738	7	0,89405874	1,204795065	4,675852251	6
CAR	CARclosed2	CAR2	closed	12	12	0,679146116	0,995406769	30	0,882757777	2,455773816	11,00072361	5
CAR	CARopen2	CAR2	open	12	12	0,610623667	0,818273057	32	0,662000931	1,482546926	5,851420872	5
CAR	CARclosed3	CAR3	closed	12	12	0,652509079	0,877110461	30	0,63103627	1,43342413	5,110993598	4
CAR	CARopen3	CAR3	open	12	12	0,533192541	0,666676831	14	0,739220108	1,287843003	4,76202769	4
CAR	CARclosed4	CAR4	closed	12	12	0,653409456	0,895855247	53	0,713574516	2,196590378	8,840323198	1
CAR	CARopen4	CAR4	open	12	12	0,63663777	0,883923316	39	0,611684547	1,882014773	6,487531736	1
CAR	CARclosed5	CAR5	closed	12	12	0,710456075	0,995944685	50	0,18666836	0,232354428	1,290851858	7
CAR	CARopen5	CAR5	open	12	12	0,616330565	0,834368691	29	0,762656066	1,146376086	4,448010946	7
CAR	CARclosed8	CAR8	closed	12	12	0,557606841	0,632994807	61	0,539214055	1,97166143	7,400591846	9
CAR	CARopen8	CAR8	open	12	12	0,713306794	0,983975932	30	0,292961659	0,327729286	1,463241647	9
CAR	CARclosed9	CAR9	closed	12	12	0,581162859	0,661156609	48	0,444728531	1,224208275	3,855344734	16
CAR	CARopen9	CAR9	open	12	12	0,647991819	0,749329816	29	0,360554759	0,433801922	1,684901302	16
CAR	CARclosed1	CAR1	closed	18	17	0,490887373	0,628692527	26	0,577279904	0,98154838	3,469606013	5
CAR	CARopen1	CAR1	open	18	17	0,580759259	0,775876266	12	NA	NA	NA	5
CAR	CARclosed10	CAR10	closed	18	17	0,522026517	0,588448177	47	0,53135878	1,302046261	4,545535132	7
CAR	CARopen10	CAR10	open	18	17	0,620438562	0,834325348	9	NA	NA	NA	7
CAR	CARclosed11	CAR11	closed	18	17	0,464213295	0,570135955	25	0,568734112	0,963861855	3,349260957	6
CAR	CARopen11	CAR11	open	18	17	0,551936764	0,638510807	35	0,690155707	1,948313934	7,427075369	6
CAR	CARclosed12	CAR12	closed	18	17	0,488867983	0,619838845	21	0,520761979	1,17944655	3,665826335	7
CAR	CARopen12	CAR12	open	18	17	0,578389102	0,74471573	10	NA	NA	NA	7
CAR	CARclosed14	CAR14	closed	18	17	0,63186282	0,823488158	21	0,818331282	2,093184982	8,149223549	2
CAR	CARopen14	CAR14	open	18	17	0,661322132	0,949995855	9	0,822261123	1,316987326	4,65405374	2
CAR	CARclosed15	CAR15	closed	18	17	0,498244832	0,558343194	16	0,628644398	0,8951471	3,162344167	6
CAR	CARopen15	CAR15	open	18	17	0,611485958	0,851058358	9	0,832246707	1,271609457	5,063497369	6
CAR	CARclosed2	CAR2	closed	18	17	0,665505471	0,896931461	35	0,872944209	2,877279914	12,95910895	5
CAR	CARopen2	CAR2	open	18	17	0,594190465	0,781278357	36	0,662043573	1,56269519	6,205710619	5
CAR	CARclosed3	CAR3	closed	18	17	0,682694608	0,903243827	33	0,63103627	1,43342413	5,110993598	4
CAR	CARopen3	CAR3	open	18	17	0,567079218	0,703214705	13	0,70490922	1,097446325	3,923138158	4
CAR	CARclosed4	CAR4	closed	18	17	0,679770344	0,915146173	54	0,709563819	2,032116517	8,524956048	1
CAR	CARopen4	CAR4	open	18	17	0,639955444	0,88965596	38	0,611684547	1,882014773	6,487531736	1
CAR	CARclosed5	CAR5	closed	18	17	0,734236559	1,020223001	49	0,18666836	0,232354428	1,290851858	7
CAR	CARopen5	CAR5	open	18	17	0,577953433	0,764576294	27	0,70490922	1,097446325	3,923138158	7
CAR	CARclosed8	CAR8	closed	18	17	0,570281061	0,668742775	64	0,533876142	1,914924399	7,165591626	9
CAR	CARopen8	CAR8	open	18	17	0,675252664	0,883048877	33	0,34580338	0,440794525	1,688182809	9
CAR	CARclosed9	CAR9	closed	18	17	0,537757245	0,625325209	47	0,434562157	1,166380292	3,618214405	16
CAR	CARopen9	CAR9	open	18	17	0,636471448	0,765649806	25	0,44277859	0,546111401	1,975743564	16
CAR	CARclosed1	CAR1	closed	24	24	0,500677784	0,587917842	39	0,481033022	0,960209543	3,184801824	5
CAR	CARopen1	CAR1	open	24	24	0,574915633	0,74527959	17	0,848781973	1,537278884	5,610835259	5
CAR	CARclosed10	CAR10	closed	24	24	0,535782202	0,513273253	65	0,43494723	0,982234714	3,182237653	7
CAR	CARopen10	CAR10	open	24	24	0,593396902	0,748398491	14	0,865616348	0,960128541	3,680679096	7
CAR	CARclosed11	CAR11	closed	24	24	0,498941731	0,559541252	22	0,51383096	0,733339286	2,525207546	6
CAR	CARopen11	CAR11	open	24	24	0,511400486	0,601525766	35	0,649017658	1,721578151	6,285963195	6
CAR	CARclosed12	CAR12	closed	24	24	0,518078413	0,638095603	22	0,555086212	1,271156548	4,06550721	7
CAR	CARopen12	CAR12	open	24	24	0,608254028	0,742755895	11	NA	NA	NA	7
CAR	CARclosed14	CAR14	closed	24	24	0,628024758	0,819140981	21	0,818331282	2,093184982	8,149223549	2
CAR	CARopen14	CAR14	open	24	24	0,678097763	0,992538015	9	0,822261123	1,316987326	4,65405374	2
CAR	CARclosed15	CAR15	closed	24	24	0,54638933	0,593765212	15	0,660330818	0,98720861	3,435245802	6
CAR	CARopen15	CAR15	open	24	24	0,629670607	0,85025361	9	0,832246707	1,271609457	5,063497369	6
CAR	CARclosed2	CAR2	closed	24	24	0,628845342	0,847219982	41	0,850373691	2,984903663	12,97389544	5
CAR	CARopen2	CAR2	open	24	24	0,643788389	0,85212093	43	0,630166019	1,581325816	6,056293088	5
CAR	CARclosed3	CAR3	closed	24	24	0,675245084	0,906301084	38	0,612041669	1,347293406	4,791753764	4
CAR	CARopen3	CAR3	open	24	24	0,527161331	0,669176998	15	0,657365571	0,997804993	3,542680089	4
CAR	CARclosed4	CAR4	closed	24	24	0,666691638	0,925909803	59	0,64804155	1,891600206	7,898960468	1
CAR	CARopen4	CAR4	open	24	24	0,649616126	0,938362917	34	0,66474472	1,892655269	6,923873892	1
CAR	CARclosed5	CAR5	closed	24	24	0,726098112	1,009184307	50	0,1915513	0,238650889	1,30065293	7
CAR	CARopen5	CAR5	open	24	24	0,529805496	0,671307647	33	0,576366925	0,931862568	3,040046756	7
CAR	CARclosed8	CAR8	closed	24	24	0,55197144	0,674105498	63	0,52366786	1,802400204	6,586272363	9
CAR	CARopen8	CAR8	open	24	24	0,614950963	0,765708579	39	0,384769807	0,844646195	2,581545547	9
CAR	CARclosed9	CAR9	closed	24	24	0,523901777	0,603625675	47	0,400059046	1,006905688	3,077399426	16
CAR	CARopen9	CAR9	open	24	24	0,636404923	0,665633796	37	0,224303155	0,24973485	1,32322321	16
CAR	CARclosed1	CAR1	closed	30	29	0,50924256	0,589138897	34	0,471756743	0,899483004	2,964501381	5
CAR	CARopen1	CAR1	open	30	29	0,526443751	0,614473292	21	0,669147733	0,749134993	2,759425659	5
CAR	CARclosed10	CAR10	closed	30	29	0,552910066	0,556252837	67	0,374058949	0,781744748	2,497612949	7
CAR	CARopen10	CAR10	open	30	29	0,491025012	0,550576316	25	0,308736058	0,345657582	1,498832824	7
CAR	CARclosed11	CAR11	closed	30	29	0,502348735	0,556294545	24	0,543906251	0,785157798	2,712228201	6
CAR	CARopen11	CAR11	open	30	29	0,453301723	0,536658162	39	0,537516473	1,159057372	3,826028515	6
CAR	CARclosed12	CAR12	closed	30	29	0,496815479	0,592709231	27	0,471245353	1,01402147	3,114475909	7
CAR	CARopen12	CAR12	open	30	29	0,607412016	0,677883998	12	0,89405874	1,204795065	4,675852251	7
CAR	CARclosed14	CAR14	closed	30	29	0,665003918	0,985336104	27	0,80130021	1,918305958	7,21449955	2
CAR	CARopen14	CAR14	open	30	29	0,718078294	1,051071063	12	0,822261123	1,316987326	4,65405374	2
CAR	CARclosed15	CAR15	closed	30	29	0,552973568	0,610427411	31	0,69009922	1,206669528	4,210490753	6
CAR	CARopen15	CAR15	open	30	29	0,583809405	0,763982374	15	0,695003816	1,382656841	4,777616662	6
CAR	CARclosed2	CAR2	closed	30	29	0,684014822	1,020898771	44	0,872944209	2,877279914	12,95910895	5
CAR	CARopen2	CAR2	open	30	29	0,631844571	0,833815043	52	0,621578626	1,731269939	6,593742855	5
CAR	CARclosed3	CAR3	closed	30	29	0,67033546	0,896624357	36	0,5936861	1,271394388	4,494234061	4
CAR	CARopen3	CAR3	open	30	29	0,498471843	0,622031012	18	0,657365571	0,997804993	3,542680089	4
CAR	CARclosed4	CAR4	closed	30	29	0,679112023	0,94279998	69	0,569424553	1,69997268	6,507618075	1
CAR	CARopen4	CAR4	open	30	29	0,711805644	1,033074368	42	0,57541	1,906672325	6,333684762	1
CAR	CARclosed5	CAR5	closed	30	29	0,719409868	0,997724553	53	0,18666836	0,232354428	1,290851858	7
CAR	CARopen5	CAR5	open	30	29	0,494445245	0,630006683	41	0,554672249	0,977616795	3,291560799	7
CAR	CARclosed8	CAR8	closed	30	29	0,565531749	0,69829631	67	0,533398554	1,74978389	6,482817458	9
CAR	CARopen8	CAR8	open	30	29	0,627884052	0,808633281	70	0,426281147	0,926261829	2,90933418	9
CAR	CARclosed9	CAR9	closed	30	29	0,573271671	0,579286529	68	0,295273088	0,624016346	2,027287913	16
CAR	CARopen9	CAR9	open	30	29	0,53553962	0,570603501	36	0,254055825	0,283512727	1,381044725	16
CAR	CARclosed1	CAR1	closed	36	36	0,507087857	0,61199672	30	0,520465471	1,024178553	3,452941958	5
CAR	CARopen1	CAR1	open	36	36	0,60437255	0,704412326	24	0,865616348	0,960128541	3,680679096	5
CAR	CARclosed10	CAR10	closed	36	36	0,569233342	0,562448156	79	0,307866258	0,59025976	1,973155888	7
CAR	CARopen10	CAR10	open	36	36	0,484697043	0,58494546	22	0,422669878	0,474855676	1,799772413	7
CAR	CARclosed11	CAR11	closed	36	36	0,512699213	0,599894584	36	0,58566084	1,012396784	3,564255995	6
CAR	CARopen11	CAR11	open	36	36	0,47362328	0,489869763	38	0,474154638	0,930574597	2,988746096	6
CAR	CARclosed12	CAR12	closed	36	36	0,469867374	0,56921583	31	0,474175711	1,054502306	3,293274937	7
CAR	CARopen12	CAR12	open	36	36	0,55576895	0,643319744	17	0,758652375	1,215699211	4,324527372	7
CAR	CARclosed14	CAR14	closed	36	36	0,660878126	0,976328901	25	0,833881967	1,796052374	7,109685045	2
CAR	CARopen14	CAR14	open	36	36	0,655599938	0,80183496	12	0,865616348	0,960128541	3,680679096	2
CAR	CARclosed15	CAR15	closed	36	36	0,541277957	0,647845259	44	0,53840353	1,225116981	3,806907558	6
CAR	CARopen15	CAR15	open	36	36	0,612726225	0,799116075	21	0,615102798	0,914909134	3,21355567	6
CAR	CARclosed2	CAR2	closed	36	36	0,693453293	1,024898301	45	0,897775171	2,753198055	12,9758505	5
CAR	CARopen2	CAR2	open	36	36	0,636118778	0,858640717	46	0,647133396	1,50430374	5,83956793	5
CAR	CARclosed3	CAR3	closed	36	36	0,646421837	0,831951305	39	0,621544422	1,483692982	5,499647971	4
CAR	CARopen3	CAR3	open	36	36	0,512712153	0,634899788	16	0,657365571	0,997804993	3,542680089	4
CAR	CARclosed4	CAR4	closed	36	36	0,684967891	0,933429604	71	0,502852809	1,122287296	3,883086202	1
CAR	CARopen4	CAR4	open	36	36	0,708171504	1,042622907	38	0,568263024	1,814025153	5,84179827	1
CAR	CARclosed5	CAR5	closed	36	36	0,703071371	0,945756857	64	0,199755908	0,256991357	1,328997995	7
CAR	CARopen5	CAR5	open	36	36	0,495699461	0,629806061	41	0,554672249	0,977616795	3,291560799	7
CAR	CARclosed8	CAR8	closed	36	36	0,585072289	0,727378969	78	0,497160994	1,538524533	5,501451432	9
CAR	CARopen8	CAR8	open	36	36	0,646579398	0,847988277	47	0,369841837	0,616507242	2,068475626	9
CAR	CARclosed9	CAR9	closed	36	36	0,568620659	0,571990471	77	0,301622705	0,744399379	2,292874956	16
CAR	CARopen9	CAR9	open	36	36	0,583450072	0,566644439	48	0,215881947	0,240183699	1,30760252	16
CAR	CARclosed1	CAR1	closed	42	41	0,51679633	0,639642298	28	0,587853762	1,080032422	3,847428221	5
CAR	CARopen1	CAR1	open	42	41	0,661836851	0,749986346	20	NA	NA	NA	5
CAR	CARclosed10	CAR10	closed	42	41	0,576745307	0,605732306	77	0,318131217	0,591504556	1,983201163	7
CAR	CARopen10	CAR10	open	42	41	0,478876106	0,561918647	23	0,232333823	0,154372085	1,190992126	7
CAR	CARclosed11	CAR11	closed	42	41	0,533998689	0,655268161	42	0,621492373	1,17130359	4,228638775	6
CAR	CARopen11	CAR11	open	42	41	0,49280344	0,54511322	37	0,474154638	0,930574597	2,988746096	6
CAR	CARclosed12	CAR12	closed	42	41	0,506556022	0,610470897	28	0,543737359	1,255332876	3,962463686	7
CAR	CARopen12	CAR12	open	42	41	0,473220871	0,548321391	22	0,621265371	1,117926763	3,718056487	7
CAR	CARclosed14	CAR14	closed	42	41	0,657080992	0,952906591	28	0,849563785	1,970826626	8,070962873	2
CAR	CARopen14	CAR14	open	42	41	0,583218771	0,683511553	17	0,822261123	1,316987326	4,65405374	2
CAR	CARclosed15	CAR15	closed	42	41	0,584496694	0,721339344	67	0,415668344	0,794762103	2,547225492	6
CAR	CARopen15	CAR15	open	42	41	0,634334058	0,851439116	25	0,685081436	1,282653945	4,630514923	6
CAR	CARclosed2	CAR2	closed	42	41	0,680759752	1,002189329	49	0,866474111	2,733807708	12,5802073	5
CAR	CARopen2	CAR2	open	42	41	0,63893975	0,860865741	52	0,631431855	1,370786573	5,173320382	5
CAR	CARclosed3	CAR3	closed	42	41	0,637360678	0,802645971	39	0,665015982	1,409370376	5,466434725	4
CAR	CARopen3	CAR3	open	42	41	0,462118063	0,548760888	19	0,656423474	1,098847583	3,873590259	4
CAR	CARclosed4	CAR4	closed	42	41	0,697364184	0,966769543	77	0,421540582	0,86904166	2,823942118	1
CAR	CARopen4	CAR4	open	42	41	0,702359585	1,028920488	40	0,585983368	1,831344466	5,964597643	1
CAR	CARclosed5	CAR5	closed	42	41	0,696360469	0,937112043	68	0,18371857	0,235055971	1,294390299	7
CAR	CARopen5	CAR5	open	42	41	0,511450446	0,693833941	48	0,565869813	1,197183835	3,829099153	7
CAR	CARclosed8	CAR8	closed	42	41	0,599306589	0,72758981	99	0,456219102	1,404901015	4,799394443	9
CAR	CARopen8	CAR8	open	42	41	0,640804145	0,77603754	51	0,350213758	0,571502442	1,956000283	9
CAR	CARclosed9	CAR9	closed	42	41	0,569738355	0,600713777	73	0,340438529	0,873736858	2,658998988	16
CAR	CARopen9	CAR9	open	42	41	0,575371552	0,598284773	48	0,243294454	0,271290498	1,359646934	16
CAR	CARclosed1	CAR1	closed	48	49	0,531855068	0,65523283	31	0,519880052	0,926722541	3,157635672	5
CAR	CARopen1	CAR1	open	48	49	0,636897552	0,743827677	22	NA	NA	NA	5
CAR	CARclosed10	CAR10	closed	48	49	0,570845356	0,628536766	74	0,335440725	0,632871792	2,08887083	7
CAR	CARopen10	CAR10	open	48	49	0,505503009	0,587193515	23	0,212023658	0,141664507	1,17184695	7
CAR	CARclosed11	CAR11	closed	48	49	0,548632285	0,663657035	41	0,621492373	1,17130359	4,228638775	6
CAR	CARopen11	CAR11	open	48	49	0,495076873	0,567646424	36	0,490432622	0,977607708	3,144758072	6
CAR	CARclosed12	CAR12	closed	48	49	0,541567767	0,637109446	28	0,592277191	1,334478612	4,296719384	7
CAR	CARopen12	CAR12	open	48	49	0,534257642	0,60554365	20	0,702092719	1,255732278	4,21824725	7
CAR	CARclosed14	CAR14	closed	48	49	0,6499508	0,933591359	28	0,849563785	1,970826626	8,070962873	2
CAR	CARopen14	CAR14	open	48	49	0,621868512	0,756768361	15	0,89405874	1,204795065	4,675852251	2
CAR	CARclosed15	CAR15	closed	48	49	0,606001912	0,742059296	64	0,390958571	0,643288421	2,16186321	6
CAR	CARopen15	CAR15	open	48	49	0,632540989	0,85994297	27	0,651789277	1,390531005	4,746118356	6
CAR	CARclosed2	CAR2	closed	48	49	0,696177299	1,014313348	55	0,836443991	2,295497175	9,679647567	5
CAR	CARopen2	CAR2	open	48	49	0,655411496	0,894536516	53	0,614480597	1,143501688	4,156682371	5
CAR	CARclosed3	CAR3	closed	48	49	0,66123237	0,851015713	42	0,635740525	1,301314071	4,855874945	4
CAR	CARopen3	CAR3	open	48	49	0,492292486	0,572553034	21	0,69009922	1,206669528	4,210490753	4
CAR	CARclosed4	CAR4	closed	48	49	0,708042183	1,031009878	77	0,389166921	0,747873637	2,429738255	1
CAR	CARopen4	CAR4	open	48	49	0,689502376	1,013997978	39	0,625151855	1,879369165	6,253854227	1
CAR	CARclosed5	CAR5	closed	48	49	0,692729569	0,930289717	67	0,187480612	0,240183116	1,30235319	7
CAR	CARopen5	CAR5	open	48	49	0,537013835	0,709826406	49	0,621569448	1,20962102	4,017384906	7
CAR	CARclosed8	CAR8	closed	48	49	0,608076937	0,736503852	102	0,446027708	1,282131392	4,317691969	9
CAR	CARopen8	CAR8	open	48	49	0,638514042	0,764157225	50	0,341132975	0,551340577	1,907326753	9
CAR	CARclosed9	CAR9	closed	48	49	0,55128614	0,622236449	69	0,381380234	1,039693474	3,16494269	16
CAR	CARopen9	CAR9	open	48	49	0,576642384	0,614088687	41	0,196413759	0,183135737	1,224795275	16
CAR	CARclosed1	CAR1	closed	54	56	0,520059445	0,653129964	32	0,563357655	1,023451252	3,5823216	5
CAR	CARopen1	CAR1	open	54	56	0,627782788	0,741497131	21	NA	NA	NA	5
CAR	CARclosed10	CAR10	closed	54	56	0,571900266	0,625739605	79	0,318131217	0,591504556	1,983201163	7
CAR	CARopen10	CAR10	open	54	56	0,513267211	0,630797267	23	0,326058507	0,210619752	1,28605849	7
CAR	CARclosed11	CAR11	closed	54	56	0,514766985	0,633567855	50	0,605356656	1,174743476	4,239528322	6
CAR	CARopen11	CAR11	open	54	56	0,518222617	0,622175463	39	0,57819163	1,286507306	4,310620909	6
CAR	CARclosed12	CAR12	closed	54	56	0,500136952	0,602374772	32	0,523748681	1,204416664	3,785029304	7
CAR	CARopen12	CAR12	open	54	56	0,512397045	0,604116675	22	0,758652375	1,215699211	4,324527372	7
CAR	CARclosed14	CAR14	closed	54	56	0,650229034	0,935379267	31	0,849563785	1,970826626	8,070962873	2
CAR	CARopen14	CAR14	open	54	56	0,682182247	0,986363673	15	0,865616348	0,960128541	3,680679096	2
CAR	CARclosed15	CAR15	closed	54	56	0,576758168	0,692126324	71	0,3965683	0,829550768	2,596434615	6
CAR	CARopen15	CAR15	open	54	56	0,650126402	0,888834348	21	0,790208549	1,420283328	5,230029146	6
CAR	CARclosed2	CAR2	closed	54	56	0,68125276	0,997003269	52	0,890782692	2,606717156	11,98679609	5
CAR	CARopen2	CAR2	open	54	56	0,64117307	0,866671311	51	0,643483197	1,215362434	4,517644937	5
CAR	CARclosed3	CAR3	closed	54	56	0,691247326	0,967351967	39	0,589599319	0,932655224	3,32295008	4
CAR	CARopen3	CAR3	open	54	56	0,506803129	0,607590511	19	0,725436516	1,334992087	4,525552476	4
CAR	CARclosed4	CAR4	closed	54	56	0,712604457	1,035442864	70	0,422639047	0,840047728	2,737422125	1
CAR	CARopen4	CAR4	open	54	56	0,673235355	0,978954341	37	0,649057316	1,842194977	6,296954866	1
CAR	CARclosed5	CAR5	closed	54	56	0,699845748	0,934076284	67	0,191400591	0,245537551	1,310750731	7
CAR	CARopen5	CAR5	open	54	56	0,523532921	0,694829373	51	0,598074408	1,122680715	3,762682634	7
CAR	CARclosed8	CAR8	closed	54	56	0,618595226	0,747007034	103	0,437740845	1,234778631	4,119483553	9
CAR	CARopen8	CAR8	open	54	56	0,65397549	0,784293805	55	0,33017333	0,480300625	1,758595463	9
CAR	CARclosed9	CAR9	closed	54	56	0,571130263	0,598952489	87	0,324887369	0,777305314	2,411152375	16
CAR	CARopen9	CAR9	open	54	56	0,614732929	0,637861123	44	0,187520249	0,174880917	1,212544707	16
CAR	CARclosed1	CAR1	closed	60	60	0,517734922	0,657554208	36	0,587853762	1,080032422	3,847428221	5
CAR	CARopen1	CAR1	open	60	60	0,64981264	0,746695117	22	NA	NA	NA	5
CAR	CARclosed10	CAR10	closed	60	60	0,577548764	0,623201878	83	0,302513914	0,555189705	1,895009366	7
CAR	CARopen10	CAR10	open	60	60	0,476956005	0,609836766	25	0,326058507	0,210619752	1,28605849	7
CAR	CARclosed11	CAR11	closed	60	60	0,509060109	0,630305091	50	0,605356656	1,174743476	4,239528322	6
CAR	CARopen11	CAR11	open	60	60	0,467936739	0,605086616	36	0,569663838	1,210289731	3,944430076	6
CAR	CARclosed12	CAR12	closed	60	60	0,492378004	0,602296745	31	0,523748681	1,204416664	3,785029304	7
CAR	CARopen12	CAR12	open	60	60	0,451161054	0,51901619	26	0,543906251	0,785157798	2,712228201	7
CAR	CARclosed14	CAR14	closed	60	60	0,65189616	0,938858309	33	0,849563785	1,970826626	8,070962873	2
CAR	CARopen14	CAR14	open	60	60	0,700637902	1,002157258	14	0,865616348	0,960128541	3,680679096	2
CAR	CARclosed15	CAR15	closed	60	60	0,559099639	0,673164867	66	0,420532279	0,926250184	2,862331281	6
CAR	CARopen15	CAR15	open	60	60	0,662957023	0,892064053	19	0,790208549	1,420283328	5,230029146	6
CAR	CARclosed2	CAR2	closed	60	60	0,684918135	0,997221539	52	0,890782692	2,606717156	11,98679609	5
CAR	CARopen2	CAR2	open	60	60	0,657010676	0,874183352	51	0,643483197	1,215362434	4,517644937	5
CAR	CARclosed3	CAR3	closed	60	60	0,694656923	0,970420351	38	0,589599319	0,932655224	3,32295008	4
CAR	CARopen3	CAR3	open	60	60	0,530050327	0,610501602	15	0,725436516	1,334992087	4,525552476	4
CAR	CARclosed4	CAR4	closed	60	60	0,718061772	1,039628852	72	0,39738823	0,775195844	2,519270795	1
CAR	CARopen4	CAR4	open	60	60	0,68865061	0,992482743	36	0,649057316	1,842194977	6,296954866	1
CAR	CARclosed5	CAR5	closed	60	60	0,703966514	0,937985025	68	0,187480612	0,240183116	1,30235319	7
CAR	CARopen5	CAR5	open	60	60	0,500027469	0,685599875	51	0,598074408	1,122680715	3,762682634	7
CAR	CARclosed8	CAR8	closed	60	60	0,594867545	0,715139522	109	0,429570711	1,354995258	4,466432348	9
CAR	CARopen8	CAR8	open	60	60	0,670317115	0,801301296	52	0,320599039	0,463566767	1,720664278	9
CAR	CARclosed9	CAR9	closed	60	60	0,567050742	0,597939761	88	0,357616599	0,89780819	2,776631348	16
CAR	CARopen9	CAR9	open	60	60	0,554374963	0,623236596	39	0,242438092	0,225662884	1,291833961	16
CAR	CARclosed1	CAR1	closed	66	67	0,532225893	0,666749768	33	0,676768224	1,183423478	4,5245286	5
CAR	CARopen1	CAR1	open	66	67	0,657650174	0,754353157	20	NA	NA	NA	5
CAR	CARclosed10	CAR10	closed	66	67	0,623383598	0,620849383	96	0,249433543	0,438370474	1,639391004	7
CAR	CARopen10	CAR10	open	66	67	0,446153574	0,611972261	28	0,287404402	0,187920919	1,245495653	7
CAR	CARclosed11	CAR11	closed	66	67	0,504586106	0,602250716	59	0,52727497	0,958974043	3,295556902	6
CAR	CARopen11	CAR11	open	66	67	0,450290578	0,581051183	36	0,51204312	0,9457461	2,945363865	6
CAR	CARclosed12	CAR12	closed	66	67	0,485692512	0,590967971	31	0,505741824	1,152767645	3,612107407	7
CAR	CARopen12	CAR12	open	66	67	0,447283209	0,544053961	21	0,61298456	0,807442136	2,837287944	7
CAR	CARclosed14	CAR14	closed	66	67	0,652808871	0,950529017	32	0,895468996	2,130544122	8,54613548	2
CAR	CARopen14	CAR14	open	66	67	0,697336074	0,980107891	13	0,865616348	0,960128541	3,680679096	2
CAR	CARclosed15	CAR15	closed	66	67	0,5439772	0,653975369	55	0,491743026	1,078340954	3,371088491	6
CAR	CARopen15	CAR15	open	66	67	0,737180708	1,069971238	14	NA	NA	NA	6
CAR	CARclosed2	CAR2	closed	66	67	0,671199402	0,984845725	44	0,844973227	2,422671527	10,05204764	5
CAR	CARopen2	CAR2	open	66	67	0,676138508	0,876149132	47	0,643483197	1,215362434	4,517644937	5
CAR	CARclosed3	CAR3	closed	66	67	0,710333782	1,020509723	34	0,608484737	0,668649437	2,411542305	4
CAR	CARopen3	CAR3	open	66	67	0,508694561	0,58973836	12	0,758652375	1,215699211	4,324527372	4
CAR	CARclosed4	CAR4	closed	66	67	0,717611342	1,041774738	68	0,413725858	0,810243357	2,64356291	1
CAR	CARopen4	CAR4	open	66	67	0,720842738	1,036800884	34	0,642617555	1,675352386	5,706817506	1
CAR	CARclosed5	CAR5	closed	66	67	0,692356964	0,939041196	61	0,197733285	0,237469649	1,300816736	7
CAR	CARopen5	CAR5	open	66	67	0,468257216	0,653367529	45	0,573190782	0,929240897	3,127950683	7
CAR	CARclosed8	CAR8	closed	66	67	0,613805801	0,736919449	104	0,436951755	1,336762839	4,436972734	9
CAR	CARopen8	CAR8	open	66	67	0,671424958	0,801986384	47	0,322263106	0,417608931	1,635189612	9
CAR	CARclosed9	CAR9	closed	66	67	0,544761273	0,611139331	79	0,464474977	1,396025627	4,598485357	16
CAR	CARopen9	CAR9	open	66	67	0,483349303	0,649622953	51	0,37419452	0,344876124	1,521480811	16
CAR	CARclosed1	CAR1	closed	72	73	0,519149525	0,679718375	32	0,676768224	1,183423478	4,5245286	5
CAR	CARopen1	CAR1	open	72	73	0,646968151	0,763069679	19	NA	NA	NA	5
CAR	CARclosed10	CAR10	closed	72	73	0,641531628	0,644350879	93	0,259958851	0,460768049	1,685171754	7
CAR	CARopen10	CAR10	open	72	73	0,490050202	0,640186418	27	0,287404402	0,187920919	1,245495653	7
CAR	CARclosed11	CAR11	closed	72	73	0,512885021	0,658061809	63	0,589528873	1,431001941	4,908707542	6
CAR	CARopen11	CAR11	open	72	73	0,48731158	0,581892056	31	0,478524108	0,803784725	2,497216666	6
CAR	CARclosed12	CAR12	closed	72	73	0,478912837	0,616693835	31	0,543737359	1,255332876	3,962463686	7
CAR	CARopen12	CAR12	open	72	73	0,526107237	0,626650916	21	0,758652375	1,215699211	4,324527372	7
CAR	CARclosed14	CAR14	closed	72	73	0,646379757	0,930450528	34	0,895468996	2,130544122	8,54613548	2
CAR	CARopen14	CAR14	open	72	73	0,682309385	0,964233866	14	0,865616348	0,960128541	3,680679096	2
CAR	CARclosed15	CAR15	closed	72	73	0,520638829	0,636542611	58	0,506411047	1,105870624	3,390771446	6
CAR	CARopen15	CAR15	open	72	73	0,717046233	1,03729513	13	NA	NA	NA	6
CAR	CARclosed2	CAR2	closed	72	73	0,674035689	0,975121093	46	0,844973227	2,422671527	10,05204764	5
CAR	CARopen2	CAR2	open	72	73	0,640010052	0,840765462	46	0,643483197	1,215362434	4,517644937	5
CAR	CARclosed3	CAR3	closed	72	73	0,710061927	1,007767629	34	0,561581029	0,599809958	2,202885395	4
CAR	CARopen3	CAR3	open	72	73	0,500171473	0,638326636	16	0,695003816	1,382656841	4,777616662	4
CAR	CARclosed4	CAR4	closed	72	73	0,715739838	1,027613051	69	0,431999365	0,855241028	2,803600121	1
CAR	CARopen4	CAR4	open	72	73	0,686297394	1,001072476	35	0,642617555	1,675352386	5,706817506	1
CAR	CARclosed5	CAR5	closed	72	73	0,689098618	0,933033785	59	0,206166002	0,248779228	1,318802963	7
CAR	CARopen5	CAR5	open	72	73	0,4883696	0,657956477	49	0,573190782	0,929240897	3,127950683	7
CAR	CARclosed8	CAR8	closed	72	73	0,621201033	0,744050653	103	0,434738236	1,266834603	4,188765753	9
CAR	CARopen8	CAR8	open	72	73	0,676051639	0,825595964	49	0,276723102	0,348172651	1,493824999	9
CAR	CARclosed9	CAR9	closed	72	73	0,563405323	0,635384818	75	0,502694356	1,59974999	5,498643338	16
CAR	CARopen9	CAR9	open	72	73	0,542337105	0,687441355	52	0,343089545	0,317144155	1,461806481	16
