Site	UnPlot	UniquePair	Treatment	Time	RealTime	jaccdist	Heucdist	Abund	Estar	Hstar	Dstar	Adpalms
CBO	CBOclosed1	CBO1	closed	0	0	0,560879459	0,736299493	53	0,678282465	2,533008589	11,25172813	3
CBO	CBOopen1	CBO1	open	0	0	0,608531533	0,831319313	46	0,783615265	2,42957839	10,64015523	3
CBO	CBOclosed11	CBO11	closed	0	0	0,577376977	0,776871824	33	0,791826008	3,265550261	14,34892159	2
CBO	CBOopen11	CBO11	open	0	0	0,605457566	0,807461845	39	0,614198771	1,731812134	6,130270544	2
CBO	CBOclosed12	CBO12	closed	0	0	0,577783308	0,764307995	15	0,543906251	0,785157798	2,712228201	1
CBO	CBOopen12	CBO12	open	0	0	0,652011163	0,907750788	11	0,784431715	1,081096936	3,719842244	1
CBO	CBOclosed14	CBO14	closed	0	0	0,476986556	0,673501861	25	0,763807319	2,634116686	10,57958449	8
CBO	CBOopen14	CBO14	open	0	0	0,509921606	0,653485723	17	0,785283849	1,527173203	6,519533725	8
CBO	CBOclosed15	CBO15	closed	0	0	0,550258205	0,778387908	24	0,704160465	2,566517787	9,97287572	9
CBO	CBOopen15	CBO15	open	0	0	0,501908609	0,653081961	22	0,65204238	1,508333919	5,514406929	9
CBO	CBOclosed2	CBO2	closed	0	0	0,562199892	0,636934551	19	0,722218583	1,643488168	6,56782247	3
CBO	CBOopen2	CBO2	open	0	0	0,572695708	0,753221133	19	0,761936097	2,277891362	8,895867401	3
CBO	CBOclosed4	CBO4	closed	0	0	0,709156948	0,97254132	22	0,868398535	1,744970236	6,581423919	0
CBO	CBOopen4	CBO4	open	0	0	0,614343254	0,856327717	16	0,758652375	1,215699211	4,324527372	0
CBO	CBOclosed5	CBO5	closed	0	0	0,490388006	0,664688642	14	0,744558292	1,58501036	5,878448667	8
CBO	CBOopen5	CBO5	open	0	0	0,598797269	0,794880799	19	0,868496812	2,400106811	9,473141862	8
CBO	CBOclosed6	CBO6	closed	0	0	0,68501238	0,98137813	24	0,51094651	0,84591072	2,806642877	3
CBO	CBOopen6	CBO6	open	0	0	0,630037396	0,882223404	55	0,702106181	2,409025448	10,39450678	3
CBO	CBOclosed9	CBO9	closed	0	0	0,524408861	0,658505865	29	0,527326626	1,5532881	5,02692806	1
CBO	CBOopen9	CBO9	open	0	0	0,493241923	0,670730991	18	0,740040214	1,783928414	7,400043189	1
CBO	CBOclosed1	CBO1	closed	6	6	0,566737237	0,747508624	54	0,684928633	2,690529252	12,28717768	3
CBO	CBOopen1	CBO1	open	6	6	0,575966474	0,807606296	46	0,736136396	2,399518148	10,03927039	3
CBO	CBOclosed11	CBO11	closed	6	6	0,577267481	0,777099091	33	0,791826008	3,265550261	14,34892159	2
CBO	CBOopen11	CBO11	open	6	6	0,618043599	0,820882489	39	0,614198771	1,731812134	6,130270544	2
CBO	CBOclosed12	CBO12	closed	6	6	0,575045532	0,761030489	15	0,543906251	0,785157798	2,712228201	1
CBO	CBOopen12	CBO12	open	6	6	0,717838608	1,01052035	14	0,657365571	0,997804993	3,542680089	1
CBO	CBOclosed14	CBO14	closed	6	6	0,481721561	0,674439099	24	0,763807319	2,634116686	10,57958449	8
CBO	CBOopen14	CBO14	open	6	6	0,483008756	0,632757657	17	0,785283849	1,527173203	6,519533725	8
CBO	CBOclosed15	CBO15	closed	6	6	0,552237921	0,784630713	25	0,708474947	2,771175519	11,01454413	9
CBO	CBOopen15	CBO15	open	6	6	0,509338375	0,675983572	20	0,67284657	1,396287979	5,303593231	9
CBO	CBOclosed2	CBO2	closed	6	6	0,532393021	0,609372008	20	0,713461215	1,734494189	6,865253496	3
CBO	CBOopen2	CBO2	open	6	6	0,580544171	0,754457177	19	0,761936097	2,277891362	8,895867401	3
CBO	CBOclosed4	CBO4	closed	6	6	0,7126508	0,979694974	21	0,8145598	1,613074765	6,16101755	0
CBO	CBOopen4	CBO4	open	6	6	0,625592344	0,866116984	15	0,790208549	1,420283328	5,230029146	0
CBO	CBOclosed5	CBO5	closed	6	6	0,503650316	0,690647339	16	0,74637775	1,858308577	6,957308065	8
CBO	CBOopen5	CBO5	open	6	6	0,591497357	0,77375121	19	0,868496812	2,400106811	9,473141862	8
CBO	CBOclosed6	CBO6	closed	6	6	0,686600163	0,983271495	24	0,51094651	0,84591072	2,806642877	3
CBO	CBOopen6	CBO6	open	6	6	0,637997047	0,893587217	56	0,713208988	2,522022237	11,20069134	3
CBO	CBOclosed9	CBO9	closed	6	6	0,527381775	0,65059555	29	0,511865304	1,572959186	5,002922492	1
CBO	CBOopen9	CBO9	open	6	6	0,479993108	0,658601501	19	0,755798602	1,919289477	8,254801821	1
CBO	CBOclosed1	CBO1	closed	12	12	0,564768789	0,745613467	53	0,684928633	2,690529252	12,28717768	3
CBO	CBOopen1	CBO1	open	12	12	0,582787069	0,811634255	46	0,722034512	2,273830378	9,194310214	3
CBO	CBOclosed11	CBO11	closed	12	12	0,571241188	0,768982886	34	0,791826008	3,265550261	14,34892159	2
CBO	CBOopen11	CBO11	open	12	12	0,619324171	0,790471943	43	0,596475652	1,910188309	6,695729877	2
CBO	CBOclosed12	CBO12	closed	12	12	0,573535576	0,759699789	14	0,543906251	0,785157798	2,712228201	1
CBO	CBOopen12	CBO12	open	12	12	0,7259176	1,009993096	14	0,70490922	1,097446325	3,923138158	1
CBO	CBOclosed14	CBO14	closed	12	12	0,500936336	0,702322268	25	0,783154426	2,817781377	11,74308555	8
CBO	CBOopen14	CBO14	open	12	12	0,432021219	0,576692488	18	0,768178896	1,657464199	6,835097323	8
CBO	CBOclosed15	CBO15	closed	12	12	0,556712574	0,787660567	25	0,708474947	2,771175519	11,01454413	9
CBO	CBOopen15	CBO15	open	12	12	0,477439342	0,634563067	22	0,65204238	1,508333919	5,514406929	9
CBO	CBOclosed2	CBO2	closed	12	12	0,531622736	0,61312994	20	0,713461215	1,734494189	6,865253496	3
CBO	CBOopen2	CBO2	open	12	12	0,580499769	0,75989977	21	0,77566463	2,434158379	9,791901364	3
CBO	CBOclosed4	CBO4	closed	12	12	0,711446665	0,980385085	20	0,8145598	1,613074765	6,16101755	0
CBO	CBOopen4	CBO4	open	12	12	0,59453268	0,827864175	17	0,8145598	1,613074765	6,16101755	0
CBO	CBOclosed5	CBO5	closed	12	12	0,503502555	0,690108031	16	0,74637775	1,858308577	6,957308065	8
CBO	CBOopen5	CBO5	open	12	12	0,595859712	0,770113567	20	0,832700011	2,261001392	9,095953056	8
CBO	CBOclosed6	CBO6	closed	12	12	0,692343916	0,987214493	26	0,489055369	0,795730531	2,642484355	3
CBO	CBOopen6	CBO6	open	12	12	0,648344024	0,908956973	57	0,723573814	2,63204698	12,020913	3
CBO	CBOclosed9	CBO9	closed	12	12	0,53126969	0,647277646	28	0,478047046	1,40856206	4,336065239	1
CBO	CBOopen9	CBO9	open	12	12	0,492079167	0,678022602	20	0,712431415	1,668850346	6,839044371	1
CBO	CBOclosed1	CBO1	closed	18	18	0,59673445	0,812036925	50	0,689143084	2,51333133	11,4800628	3
CBO	CBOopen1	CBO1	open	18	18	0,581933926	0,805953522	45	0,715990913	2,049917211	8,094567509	3
CBO	CBOclosed11	CBO11	closed	18	18	0,573415527	0,764872194	35	0,791826008	3,265550261	14,34892159	2
CBO	CBOopen11	CBO11	open	18	18	0,612930614	0,789696537	42	0,581382624	1,9779154	6,780815099	2
CBO	CBOclosed12	CBO12	closed	18	18	0,571677818	0,746206244	14	0,543906251	0,785157798	2,712228201	1
CBO	CBOopen12	CBO12	open	18	18	0,727653391	1,009469819	14	0,70490922	1,097446325	3,923138158	1
CBO	CBOclosed14	CBO14	closed	18	18	0,520265469	0,710573206	24	0,799197947	2,728973777	11,61924944	8
CBO	CBOopen14	CBO14	open	18	18	0,419967143	0,553835904	17	0,714791229	1,616183129	6,033027058	8
CBO	CBOclosed15	CBO15	closed	18	18	0,536973746	0,763674744	21	0,733845137	2,404461509	9,741242336	9
CBO	CBOopen15	CBO15	open	18	18	0,473950534	0,617449003	23	0,627224992	1,584812298	5,573287786	9
CBO	CBOclosed2	CBO2	closed	18	18	0,533431728	0,626518759	21	0,713461215	1,734494189	6,865253496	3
CBO	CBOopen2	CBO2	open	18	18	0,573216616	0,757325346	21	0,759730619	2,516967014	9,940875446	3
CBO	CBOclosed4	CBO4	closed	18	18	0,696959652	1,007005418	21	0,780839201	1,735123711	6,295369948	0
CBO	CBOopen4	CBO4	open	18	18	0,584256084	0,819862177	16	0,8145598	1,613074765	6,16101755	0
CBO	CBOclosed5	CBO5	closed	18	18	0,498572316	0,680628444	17	0,74637775	1,858308577	6,957308065	8
CBO	CBOopen5	CBO5	open	18	18	0,599552831	0,759322688	19	0,818331282	2,093184982	8,149223549	8
CBO	CBOclosed6	CBO6	closed	18	18	0,694742556	0,98393041	27	0,468868978	0,751034858	2,500211298	3
CBO	CBOopen6	CBO6	open	18	18	0,652975834	0,912333895	55	0,713208988	2,522022237	11,20069134	3
CBO	CBOclosed9	CBO9	closed	18	18	0,527871294	0,659261121	26	0,516672269	1,48046908	4,65407047	1
CBO	CBOopen9	CBO9	open	18	18	0,505093641	0,687926407	20	0,712431415	1,668850346	6,839044371	1
CBO	CBOclosed1	CBO1	closed	24	24	0,589167633	0,797499967	49	0,67973335	2,406785057	10,71664268	3
CBO	CBOopen1	CBO1	open	24	24	0,581669209	0,808152918	42	0,715990913	2,049917211	8,094567509	3
CBO	CBOclosed11	CBO11	closed	24	24	0,565824424	0,754208134	36	0,774103201	3,196014999	14,0307787	2
CBO	CBOopen11	CBO11	open	24	24	0,603506605	0,784274013	41	0,561092723	1,857021694	6,138710659	2
CBO	CBOclosed12	CBO12	closed	24	24	0,575489717	0,750698838	13	0,499030131	0,627201084	2,2202318	1
CBO	CBOopen12	CBO12	open	24	24	0,727934325	1,011711156	14	0,70490922	1,097446325	3,923138158	1
CBO	CBOclosed14	CBO14	closed	24	24	0,545906424	0,739416054	22	0,809263425	2,783499376	11,12690059	8
CBO	CBOopen14	CBO14	open	24	24	0,417890276	0,560375883	17	0,714791229	1,616183129	6,033027058	8
CBO	CBOclosed15	CBO15	closed	24	24	0,572368027	0,78613318	22	0,678017139	2,378116398	8,817726271	9
CBO	CBOopen15	CBO15	open	24	24	0,47819303	0,613697365	26	0,649017658	1,721578151	6,285963195	9
CBO	CBOclosed2	CBO2	closed	24	24	0,523911845	0,624799292	24	0,663097844	2,072212091	7,320780987	3
CBO	CBOopen2	CBO2	open	24	24	0,568830379	0,726127479	22	0,7432208	2,329022772	9,503570897	3
CBO	CBOclosed4	CBO4	closed	24	24	0,690123027	0,989832752	21	0,780839201	1,735123711	6,295369948	0
CBO	CBOopen4	CBO4	open	24	24	0,581376708	0,823807683	15	0,8145598	1,613074765	6,16101755	0
CBO	CBOclosed5	CBO5	closed	24	24	0,503873992	0,681839168	15	0,726381106	1,680794066	6,09851698	8
CBO	CBOopen5	CBO5	open	24	24	0,574091833	0,724605668	15	0,883494106	1,942194426	7,560844726	8
CBO	CBOclosed6	CBO6	closed	24	24	0,685643684	0,972330599	27	0,501841829	0,882031802	2,924682473	3
CBO	CBOopen6	CBO6	open	24	24	0,627298416	0,877514678	52	0,741765981	3,019762962	12,69812148	3
CBO	CBOclosed9	CBO9	closed	24	24	0,522662632	0,650194191	29	0,540233405	1,608286146	5,222917057	1
CBO	CBOopen9	CBO9	open	24	24	0,54067557	0,718804689	16	0,732001722	1,537536531	6,235637842	1
CBO	CBOclosed1	CBO1	closed	30	30	0,603661278	0,821455545	51	0,668399383	2,303241558	10,2338587	3
CBO	CBOopen1	CBO1	open	30	30	0,598535702	0,844529007	49	0,680802544	2,127216101	8,434000792	3
CBO	CBOclosed11	CBO11	closed	30	30	0,557848363	0,716585954	40	0,728999664	2,802822649	12,64933671	2
CBO	CBOopen11	CBO11	open	30	30	0,601629098	0,793954893	42	0,545611391	1,899639019	6,15789476	2
CBO	CBOclosed12	CBO12	closed	30	30	0,559780605	0,745029299	17	0,487800606	1,060459162	3,251479346	1
CBO	CBOopen12	CBO12	open	30	30	0,688247547	0,971188957	18	0,740329778	1,749987456	6,142265373	1
CBO	CBOclosed14	CBO14	closed	30	30	0,551690669	0,739334374	26	0,751828918	2,93109985	11,1688315	8
CBO	CBOopen14	CBO14	open	30	30	0,435829985	0,554463016	20	0,682041192	1,653239376	5,923584758	8
CBO	CBOclosed15	CBO15	closed	30	30	0,566352605	0,756579639	23	0,631756186	2,011697496	7,198989847	9
CBO	CBOopen15	CBO15	open	30	30	0,494944106	0,581458808	29	0,607451199	1,852353733	6,577540336	9
CBO	CBOclosed2	CBO2	closed	30	30	0,503248682	0,60554133	26	0,609555698	1,915753466	6,661409117	3
CBO	CBOopen2	CBO2	open	30	30	0,575153911	0,747681474	21	0,759730619	2,516967014	9,940875446	3
CBO	CBOclosed4	CBO4	closed	30	30	0,70212989	1,001804786	26	0,74069425	2,028024686	7,192649095	0
CBO	CBOopen4	CBO4	open	30	30	0,638328518	0,888902846	14	0,925469717	1,644333229	6,679388158	0
CBO	CBOclosed5	CBO5	closed	30	30	0,527842394	0,703909161	17	0,682469659	1,824154348	6,299358395	8
CBO	CBOopen5	CBO5	open	30	30	0,593695998	0,751514939	14	0,93506006	1,845742214	7,683029984	8
CBO	CBOclosed6	CBO6	closed	30	30	0,67063232	0,936267998	29	0,474175711	1,054502306	3,293274937	3
CBO	CBOopen6	CBO6	open	30	30	0,63560263	0,881989976	51	0,741765981	3,019762962	12,69812148	3
CBO	CBOclosed9	CBO9	closed	30	30	0,527753637	0,63437458	35	0,533005385	2,031047546	6,656558877	1
CBO	CBOopen9	CBO9	open	30	30	0,526855549	0,703295771	16	0,732001722	1,537536531	6,235637842	1
CBO	CBOclosed1	CBO1	closed	36	36	0,591103801	0,791516835	46	0,658650131	2,196982151	9,511003812	3
CBO	CBOopen1	CBO1	open	36	36	0,554861613	0,778023103	51	0,660717945	2,294907202	8,847074034	3
CBO	CBOclosed11	CBO11	closed	36	36	0,581304757	0,740759424	41	0,715295303	2,674317326	12,12946562	2
CBO	CBOopen11	CBO11	open	36	36	0,628721975	0,820287643	41	0,509176018	1,774505954	5,484574409	2
CBO	CBOclosed12	CBO12	closed	36	36	0,558445553	0,749105386	15	0,534754689	0,902522543	2,995697469	1
CBO	CBOopen12	CBO12	open	36	36	0,638816471	0,861809346	23	0,711058448	1,962631707	7,383106784	1
CBO	CBOclosed14	CBO14	closed	36	36	0,548635256	0,736652938	26	0,751828918	2,93109985	11,1688315	8
CBO	CBOopen14	CBO14	open	36	36	0,426167039	0,552492089	21	0,682041192	1,653239376	5,923584758	8
CBO	CBOclosed15	CBO15	closed	36	36	0,571529328	0,770419874	21	0,631732788	1,818071203	6,450483359	9
CBO	CBOopen15	CBO15	open	36	36	0,466787356	0,579959686	25	0,603746081	1,619461629	5,530001284	9
CBO	CBOclosed2	CBO2	closed	36	36	0,48892956	0,586874061	24	0,642845222	2,04330546	7,139693532	3
CBO	CBOopen2	CBO2	open	36	36	0,562118035	0,73868816	21	0,759730619	2,516967014	9,940875446	3
CBO	CBOclosed4	CBO4	closed	36	36	0,671199524	0,937119344	30	0,714448552	2,318035862	8,14862788	0
CBO	CBOopen4	CBO4	open	36	36	0,663683716	0,916993449	14	0,925469717	1,644333229	6,679388158	0
CBO	CBOclosed5	CBO5	closed	36	36	0,530249229	0,713579348	16	0,69280628	1,757025274	6,083778001	8
CBO	CBOopen5	CBO5	open	36	36	0,624487732	0,774406283	13	0,925469717	1,644333229	6,679388158	8
CBO	CBOclosed6	CBO6	closed	36	36	0,675279011	0,951107636	32	0,49088041	1,118852145	3,549521104	3
CBO	CBOopen6	CBO6	open	36	36	0,633669858	0,889317672	52	0,741765981	3,019762962	12,69812148	3
CBO	CBOclosed9	CBO9	closed	36	36	0,50531304	0,588409641	35	0,562532127	2,111204592	7,254173484	1
CBO	CBOopen9	CBO9	open	36	36	0,516152913	0,67260611	16	0,732001722	1,537536531	6,235637842	1
CBO	CBOclosed1	CBO1	closed	42	42	0,577287761	0,779245821	43	0,681362201	2,407218349	10,43408144	3
CBO	CBOopen1	CBO1	open	42	42	0,544354561	0,768928413	47	0,649111329	2,098318695	7,821093113	3
CBO	CBOclosed11	CBO11	closed	42	42	0,574556155	0,737032092	41	0,702253185	2,762573737	12,22456219	2
CBO	CBOopen11	CBO11	open	42	42	0,623575186	0,806923999	40	0,509176018	1,774505954	5,484574409	2
CBO	CBOclosed12	CBO12	closed	42	42	0,625391688	0,819996926	28	0,359722258	0,942150548	2,745498433	1
CBO	CBOopen12	CBO12	open	42	42	0,61483807	0,836444671	24	0,689643656	1,838797675	6,970618808	1
CBO	CBOclosed14	CBO14	closed	42	42	0,541164011	0,738556008	26	0,751828918	2,93109985	11,1688315	8
CBO	CBOopen14	CBO14	open	42	42	0,422761737	0,556457753	19	0,682041192	1,653239376	5,923584758	8
CBO	CBOclosed15	CBO15	closed	42	42	0,598327417	0,793822588	20	0,603746081	1,619461629	5,530001284	9
CBO	CBOopen15	CBO15	open	42	42	0,471763539	0,567970881	27	0,605479219	1,752102236	6,08534582	9
CBO	CBOclosed2	CBO2	closed	42	42	0,488975748	0,596560688	24	0,642845222	2,04330546	7,139693532	3
CBO	CBOopen2	CBO2	open	42	42	0,553225092	0,725220271	21	0,759730619	2,516967014	9,940875446	3
CBO	CBOclosed4	CBO4	closed	42	42	0,655708101	0,912567422	25	0,759869334	2,197122847	8,077439518	0
CBO	CBOopen4	CBO4	open	42	42	0,632868271	0,882489524	16	0,8145598	1,613074765	6,16101755	0
CBO	CBOclosed5	CBO5	closed	42	42	0,550342001	0,741308211	16	0,69280628	1,757025274	6,083778001	8
CBO	CBOopen5	CBO5	open	42	42	0,633984759	0,775696364	13	0,925469717	1,644333229	6,679388158	8
CBO	CBOclosed6	CBO6	closed	42	42	0,654871462	0,897890224	33	0,529115693	1,301415277	4,232553608	3
CBO	CBOopen6	CBO6	open	42	42	0,631451855	0,894824695	53	0,741765981	3,019762962	12,69812148	3
CBO	CBOclosed9	CBO9	closed	42	42	0,498601126	0,569617319	33	0,572164888	2,177031298	7,46999417	1
CBO	CBOopen9	CBO9	open	42	42	0,51823133	0,678344496	15	0,742137614	1,416697892	5,856034723	1
CBO	CBOclosed1	CBO1	closed	48	48	0,593211987	0,787786138	43	0,681362201	2,407218349	10,43408144	3
CBO	CBOopen1	CBO1	open	48	48	0,527088203	0,734979239	47	0,630953843	1,973812876	7,091475394	3
CBO	CBOclosed11	CBO11	closed	48	48	0,591970772	0,736588752	44	0,66676592	2,430847549	10,77257021	2
CBO	CBOopen11	CBO11	open	48	48	0,621823744	0,79850098	40	0,5316117	1,895127771	6,071589037	2
CBO	CBOclosed12	CBO12	closed	48	48	0,580335567	0,770115509	20	0,447165311	1,105205462	3,252157057	1
CBO	CBOopen12	CBO12	open	48	48	0,616908955	0,832570516	21	0,671007335	1,641189511	5,77644326	1
CBO	CBOclosed14	CBO14	closed	48	48	0,554415427	0,751421699	25	0,767435149	2,850608232	11,04403274	8
CBO	CBOopen14	CBO14	open	48	48	0,470126285	0,618793335	17	0,747600987	1,504339397	5,960706699	8
CBO	CBOclosed15	CBO15	closed	48	48	0,583824558	0,785806808	20	0,603746081	1,619461629	5,530001284	9
CBO	CBOopen15	CBO15	open	48	48	0,488164261	0,581055343	27	0,605479219	1,752102236	6,08534582	9
CBO	CBOclosed2	CBO2	closed	48	48	0,506384585	0,614912155	23	0,648792949	1,9639258	6,880610272	3
CBO	CBOopen2	CBO2	open	48	48	0,559304715	0,724148224	21	0,759730619	2,516967014	9,940875446	3
CBO	CBOclosed4	CBO4	closed	48	48	0,65788037	0,913005171	27	0,733985249	2,091637523	7,765538554	0
CBO	CBOopen4	CBO4	open	48	48	0,643601631	0,913224395	16	0,8145598	1,613074765	6,16101755	0
CBO	CBOclosed5	CBO5	closed	48	48	0,527269933	0,708490582	16	0,679732137	1,489359179	5,040454702	8
CBO	CBOopen5	CBO5	open	48	48	0,630345784	0,774594239	13	0,925469717	1,644333229	6,679388158	8
CBO	CBOclosed6	CBO6	closed	48	48	0,665377894	0,910257151	32	0,529115693	1,301415277	4,232553608	3
CBO	CBOopen6	CBO6	open	48	48	0,625314079	0,889118519	52	0,75776132	3,144049859	13,07984903	3
CBO	CBOclosed9	CBO9	closed	48	48	0,477676625	0,548682661	30	0,640057733	2,2817643	8,442325033	1
CBO	CBOopen9	CBO9	open	48	48	0,474009058	0,640303357	18	0,767699401	1,811283514	7,950815191	1
CBO	CBOclosed1	CBO1	closed	72	74	0,573610718	0,755829821	48	0,715735223	3,09601131	12,70497097	3
CBO	CBOopen1	CBO1	open	72	74	0,508657073	0,644659987	60	0,5179354	1,918549182	6,055053261	3
CBO	CBOclosed11	CBO11	closed	72	74	0,612497954	0,738118034	55	0,615479528	2,048861482	8,674329234	2
CBO	CBOopen11	CBO11	open	72	74	0,573944856	0,704928251	45	0,538463343	2,033483421	6,652227813	2
CBO	CBOclosed12	CBO12	closed	72	74	0,576367308	0,769980615	18	0,487800606	1,060459162	3,251479346	1
CBO	CBOopen12	CBO12	open	72	74	0,628517397	0,852365598	26	0,628608835	1,362982979	4,811109691	1
CBO	CBOclosed14	CBO14	closed	72	74	0,518057477	0,725083169	29	0,793654939	2,338887564	9,645245081	8
CBO	CBOopen14	CBO14	open	72	74	0,4617569	0,611605211	26	0,676381106	1,608486859	5,908514929	8
CBO	CBOclosed15	CBO15	closed	72	74	0,587630974	0,774025291	35	0,592035465	2,035578673	6,96248806	9
CBO	CBOopen15	CBO15	open	72	74	0,477056744	0,602803067	37	0,64526663	1,924013446	7,027965919	9
CBO	CBOclosed2	CBO2	closed	72	74	0,459628832	0,565719997	26	0,751038315	2,247369564	8,636689975	3
CBO	CBOopen2	CBO2	open	72	74	0,549285786	0,719938002	23	0,873454156	2,299885856	10,01851201	3
CBO	CBOclosed4	CBO4	closed	72	74	0,667300443	0,92559592	30	0,833881967	1,796052374	7,109685045	0
CBO	CBOopen4	CBO4	open	72	74	0,662642053	0,907448222	16	0,716537372	0,996023003	3,456414214	0
CBO	CBOclosed5	CBO5	closed	72	74	0,47285399	0,617707418	26	0,744558292	1,58501036	5,878448667	8
CBO	CBOopen5	CBO5	open	72	74	0,71908625	0,973789188	17	0,89405874	1,204795065	4,675852251	8
CBO	CBOclosed6	CBO6	closed	72	74	0,694730839	0,947915883	38	0,466459768	1,026435409	3,251647179	3
CBO	CBOopen6	CBO6	open	72	74	0,610978597	0,865669562	48	0,811244848	3,102251388	13,42113679	3
CBO	CBOclosed9	CBO9	closed	72	74	0,467219316	0,591137833	35	0,656352702	2,102603877	7,794263391	1
CBO	CBOopen9	CBO9	open	72	74	0,482064823	0,646300785	19	0,751111581	1,676914329	7,081179115	1
CBO	CBOclosed1	CBO1	closed	78	81	0,58596681	0,770484791	44	0,731838999	3,097096344	12,87895013	3
CBO	CBOopen1	CBO1	open	78	81	0,519762171	0,655102604	66	0,516376008	1,958545781	6,339933968	3
CBO	CBOclosed11	CBO11	closed	78	81	0,617185445	0,714801576	54	0,623668052	2,076685627	8,772912223	2
CBO	CBOopen11	CBO11	open	78	81	0,567009012	0,696942773	43	0,526978466	1,998875115	6,500631514	2
CBO	CBOclosed12	CBO12	closed	78	81	0,481169189	0,58909198	16	0,543906251	0,785157798	2,712228201	1
CBO	CBOopen12	CBO12	open	78	81	0,583508226	0,744273965	23	0,744558292	1,58501036	5,878448667	1
CBO	CBOclosed14	CBO14	closed	78	81	0,508182994	0,706026989	29	0,764149319	2,025795158	7,837000698	8
CBO	CBOopen14	CBO14	open	78	81	0,494650025	0,628129591	24	0,733035366	1,616129349	6,255177005	8
CBO	CBOclosed15	CBO15	closed	78	81	0,573239396	0,780818386	27	0,598668855	1,536612779	5,088424226	9
CBO	CBOopen15	CBO15	open	78	81	0,454789892	0,531012696	37	0,524941989	1,395813278	4,449624465	9
CBO	CBOclosed2	CBO2	closed	78	81	0,487242276	0,609185462	35	0,725154503	2,311050871	8,582501468	3
CBO	CBOopen2	CBO2	open	78	81	0,567981126	0,741931082	19	0,913264165	2,485215267	10,52760796	3
CBO	CBOclosed4	CBO4	closed	78	81	0,654288445	0,897638714	24	0,8145598	1,613074765	6,16101755	0
CBO	CBOopen4	CBO4	open	78	81	0,654584374	0,89407827	16	0,716537372	0,996023003	3,456414214	0
CBO	CBOclosed5	CBO5	closed	78	81	0,485223834	0,662874397	26	0,766037095	1,757355576	6,756223256	8
CBO	CBOopen5	CBO5	open	78	81	0,713618224	0,982829929	20	0,89405874	1,204795065	4,675852251	8
CBO	CBOclosed6	CBO6	closed	78	81	0,690364699	0,930317517	38	0,447008371	0,966927004	3,01788212	3
CBO	CBOopen6	CBO6	open	78	81	0,665116346	0,938738691	47	0,815014519	2,813278885	11,75348924	3
CBO	CBOclosed9	CBO9	closed	78	81	0,470697157	0,624473021	32	0,662282751	1,955528166	7,042028404	1
CBO	CBOopen9	CBO9	open	78	81	0,481766779	0,639920814	21	0,697242302	1,754071889	6,690441911	1
CBO	CBOclosed1	CBO1	closed	84	87	0,585430288	0,785558611	45	0,748663054	3,029150072	12,91624107	3
CBO	CBOopen1	CBO1	open	84	87	0,511306995	0,656181098	64	0,531131682	1,918473896	6,124406173	3
CBO	CBOclosed11	CBO11	closed	84	87	0,616631916	0,728374624	55	0,645282052	2,23885924	9,605334719	2
CBO	CBOopen11	CBO11	open	84	87	0,576569091	0,681014544	43	0,518456707	1,893483511	6,190219758	2
CBO	CBOclosed12	CBO12	closed	84	87	0,474469707	0,596602194	16	0,543906251	0,785157798	2,712228201	1
CBO	CBOopen12	CBO12	open	84	87	0,581003163	0,740268813	20	0,8145598	1,613074765	6,16101755	1
CBO	CBOclosed14	CBO14	closed	84	87	0,537156406	0,751866604	37	0,736519526	2,567528749	9,858378844	8
CBO	CBOopen14	CBO14	open	84	87	0,554380645	0,694666656	23	0,723099319	1,344224575	5,115115709	8
CBO	CBOclosed15	CBO15	closed	84	87	0,55118737	0,742687415	28	0,58268544	1,547172975	5,153103785	9
CBO	CBOopen15	CBO15	open	84	87	0,44640987	0,517504287	34	0,533907644	1,279165174	4,0688948	9
CBO	CBOclosed2	CBO2	closed	84	87	0,468767214	0,596753433	34	0,748797957	2,385707795	8,850773444	3
CBO	CBOopen2	CBO2	open	84	87	0,570281605	0,747154128	20	0,913264165	2,485215267	10,52760796	3
CBO	CBOclosed4	CBO4	closed	84	87	0,645417013	0,897432467	28	0,780839201	1,735123711	6,295369948	0
CBO	CBOopen4	CBO4	open	84	87	0,653509122	0,89446336	15	0,716537372	0,996023003	3,456414214	0
CBO	CBOclosed5	CBO5	closed	84	87	0,495636353	0,667564196	26	0,766037095	1,757355576	6,756223256	8
CBO	CBOopen5	CBO5	open	84	87	0,705287071	0,975633608	20	0,89405874	1,204795065	4,675852251	8
CBO	CBOclosed6	CBO6	closed	84	87	0,698841506	0,938816443	40	0,423115818	0,890485573	2,785075035	3
CBO	CBOopen6	CBO6	open	84	87	0,661940524	0,941263783	52	0,769813766	2,527226819	10,83527487	3
CBO	CBOclosed9	CBO9	closed	84	87	0,475932771	0,623385455	33	0,662282751	1,955528166	7,042028404	1
CBO	CBOopen9	CBO9	open	84	87	0,494358786	0,657220862	23	0,715730162	1,89396039	7,498555922	1
