Site	UnPlot	UniquePair	Treatment	Time	RealTime	jaccdist	Heucdist	Abund	Estar	Hstar	Dstar	Adpalms
ITA	ITAclosed1	ITA1	closed	0	0	0,477798716	0,588235033	18	0,436476984	1,343256577	4,173259845	20
ITA	ITAopen1	ITA1	open	0	0	0,366399319	0,315214306	13	0,30880178	0,927894689	2,586424448	20
ITA	ITAclosed10	ITA10	closed	0	0	0,733681682	1,144629694	5	0,478524108	0,803784725	2,497216666	5
ITA	ITAopen10	ITA10	open	0	0	0,558153188	0,335693967	3	0,6600139	0,754552201	2,644135772	5
ITA	ITAclosed12	ITA12	closed	0	0	0,657494388	0,482593369	1	NA	NA	NA	21
ITA	ITAopen12	ITA12	open	0	0	0,619334005	0,804659361	7	0,575854978	1,045380606	3,517424285	21
ITA	ITAclosed14	ITA14	closed	0	0	0,582160125	0,764102617	6	0,624260812	1,010425499	3,556878195	5
ITA	ITAopen14	ITA14	open	0	0	0,563998771	0,44451826	4	0,672062204	0,691168686	2,700418534	5
ITA	ITAclosed15	ITA15	closed	0	0	0,609331065	0,614121429	28	0,256389342	1,130364924	3,01267862	8
ITA	ITAopen15	ITA15	open	0	0	0,404000148	0,43503645	13	0,263031886	0,814451567	2,282079477	8
ITA	ITAclosed2	ITA2	closed	0	0	0,582040398	0,792687479	11	0,473164119	1,173232282	3,628851347	11
ITA	ITAopen2	ITA2	open	0	0	0,450255044	0,514108528	15	0,456606998	1,222813052	3,848247092	11
ITA	ITAclosed4	ITA4	closed	0	0	0,596825141	0,833092373	14	0,543513067	1,195971855	4,233907886	6
ITA	ITAopen4	ITA4	open	0	0	0,328280391	0,442163447	11	0,441201348	1,147131053	3,422830827	6
ITA	ITAclosed6	ITA6	closed	0	0	0,483485347	0,506221116	6	0,426742899	0,809157873	2,446488275	14
ITA	ITAopen6	ITA6	open	0	0	0,500283877	0,692663108	21	0,378351831	1,358153898	3,969480123	14
ITA	ITAclosed8	ITA8	closed	0	0	0,478543889	0,474916522	15	0,362143689	1,045019788	3,014431534	12
ITA	ITAopen8	ITA8	open	0	0	0,493842815	0,70470054	13	0,474291688	0,942347709	3,099600782	12
ITA	ITAclosed1	ITA1	closed	6	6	0,457604198	0,62538352	17	0,451074365	1,331917759	4,193425496	20
ITA	ITAopen1	ITA1	open	6	6	0,319951985	0,306472255	12	0,325389325	0,931518584	2,616468046	20
ITA	ITAclosed10	ITA10	closed	6	6	0,496710141	0,64879119	10	0,451878503	1,010215719	3,103773677	5
ITA	ITAopen10	ITA10	open	6	6	0,534498334	0,337347309	4	0,550978757	0,790633752	2,563169777	5
ITA	ITAclosed12	ITA12	closed	6	6	0,699539869	0,452181311	1	NA	NA	NA	21
ITA	ITAopen12	ITA12	open	6	6	0,582496023	0,720740332	8	0,543011326	1,073479966	3,519235407	21
ITA	ITAclosed14	ITA14	closed	6	6	0,734062612	1,030654102	28	0,250570936	1,077245907	2,883205246	5
ITA	ITAopen14	ITA14	open	6	6	0,646221059	0,77392222	10	0,5521783	1,145400029	3,905526091	5
ITA	ITAclosed15	ITA15	closed	6	6	0,564204939	0,608454282	28	0,324016854	1,054888589	3,067682665	8
ITA	ITAopen15	ITA15	open	6	6	0,388611519	0,42173152	13	0,263031886	0,814451567	2,282079477	8
ITA	ITAclosed2	ITA2	closed	6	6	0,605055378	0,844084818	19	0,415930751	1,271378611	3,890062403	11
ITA	ITAopen2	ITA2	open	6	6	0,391603485	0,48082738	17	0,42177889	1,232554884	3,760849039	11
ITA	ITAclosed4	ITA4	closed	6	6	0,636080879	0,880140011	19	0,491642868	1,324782645	4,509111851	6
ITA	ITAopen4	ITA4	open	6	6	0,360200103	0,502258813	13	0,455673455	1,177379154	3,647172148	6
ITA	ITAclosed6	ITA6	closed	6	6	0,448346232	0,470993013	9	0,392693038	0,943395457	2,739031647	14
ITA	ITAopen6	ITA6	open	6	6	0,500524089	0,686488148	21	0,378351831	1,358153898	3,969480123	14
ITA	ITAclosed8	ITA8	closed	6	6	0,433460942	0,474218186	16	0,349019848	1,042728094	2,98515528	12
ITA	ITAopen8	ITA8	open	6	6	0,476717501	0,6679242	13	0,474291688	0,942347709	3,099600782	12
ITA	ITAclosed1	ITA1	closed	12	12	0,436381991	0,575011116	20	0,43942433	1,31880503	4,184120204	20
ITA	ITAopen1	ITA1	open	12	12	0,329413904	0,303430538	11	0,344425376	0,935390254	2,651111694	20
ITA	ITAclosed10	ITA10	closed	12	12	0,515898581	0,653090541	10	0,451878503	1,010215719	3,103773677	5
ITA	ITAopen10	ITA10	open	12	12	0,518353493	0,311181906	4	0,550978757	0,790633752	2,563169777	5
ITA	ITAclosed12	ITA12	closed	12	12	0,645036266	0,48063086	2	NA	NA	NA	21
ITA	ITAopen12	ITA12	open	12	12	0,628787469	0,805208138	7	0,575854978	1,045380606	3,517424285	21
ITA	ITAclosed14	ITA14	closed	12	12	0,724364277	1,015112204	35	0,231848139	1,073614928	2,861110405	5
ITA	ITAopen14	ITA14	open	12	12	0,653854758	0,764446967	7	0,596530917	1,124143545	3,823076461	5
ITA	ITAclosed15	ITA15	closed	12	12	0,568975439	0,593817674	31	0,305564901	1,05616714	3,031098828	8
ITA	ITAopen15	ITA15	open	12	12	0,440573809	0,474279553	14	0,251024523	0,814616917	2,270403342	8
ITA	ITAclosed2	ITA2	closed	12	12	0,613699472	0,837314776	21	0,407725898	1,342083193	4,091304479	11
ITA	ITAopen2	ITA2	open	12	12	0,404557863	0,457346326	19	0,437839278	1,065909357	3,418900768	11
ITA	ITAclosed4	ITA4	closed	12	12	0,637575366	0,874291561	20	0,512278768	1,282102078	4,544079884	6
ITA	ITAopen4	ITA4	open	12	12	0,428873999	0,511166537	14	0,426083945	1,251127717	3,728790125	6
ITA	ITAclosed6	ITA6	closed	12	12	0,469547001	0,567661143	15	0,408299499	1,095189222	3,297228085	14
ITA	ITAopen6	ITA6	open	12	12	0,557991452	0,742748588	16	0,444959408	1,304719945	4,044442254	14
ITA	ITAclosed8	ITA8	closed	12	12	0,434054031	0,505884081	17	0,339452104	1,065216948	3,020605259	12
ITA	ITAopen8	ITA8	open	12	12	0,512499798	0,697393743	14	0,466792339	0,95275913	3,122352346	12
ITA	ITAclosed1	ITA1	closed	18	18	0,427930375	0,566740063	22	0,430563895	1,320356224	4,188768922	20
ITA	ITAopen1	ITA1	open	18	18	0,391742341	0,473145812	10	0,47084795	1,151978021	3,512440403	20
ITA	ITAclosed10	ITA10	closed	18	18	0,482719912	0,642255002	10	0,451878503	1,010215719	3,103773677	5
ITA	ITAopen10	ITA10	open	18	18	0,640164595	0,439389959	2	0,816023395	0,691168686	2,700418534	5
ITA	ITAclosed12	ITA12	closed	18	18	0,484560229	0,454310871	5	NA	NA	NA	21
ITA	ITAopen12	ITA12	open	18	18	0,675302232	0,874808008	6	0,58936851	1,038600945	3,454510647	21
ITA	ITAclosed14	ITA14	closed	18	18	0,714462885	0,976199019	28	0,282024488	1,027981839	2,873214987	5
ITA	ITAopen14	ITA14	open	18	18	0,670672334	0,974407913	8	0,530552771	1,068043135	3,448599661	5
ITA	ITAclosed15	ITA15	closed	18	18	0,598751303	0,54399619	38	0,272220472	1,045990781	2,93912075	8
ITA	ITAopen15	ITA15	open	18	18	0,541300309	0,564187098	16	0,230670272	0,81497336	2,250876396	8
ITA	ITAclosed2	ITA2	closed	18	18	0,638270148	0,859699861	20	0,401530058	1,268207056	3,831599739	11
ITA	ITAopen2	ITA2	open	18	18	0,422415141	0,465862843	17	0,472599363	1,050561065	3,486618593	11
ITA	ITAclosed4	ITA4	closed	18	18	0,612616235	0,833194908	20	0,516930107	1,276009613	4,556002487	6
ITA	ITAopen4	ITA4	open	18	18	0,431771554	0,505538313	10	0,47645474	1,107602855	3,431319587	6
ITA	ITAclosed6	ITA6	closed	18	18	0,479215935	0,581195883	18	0,339107958	1,155301278	3,237223983	14
ITA	ITAopen6	ITA6	open	18	18	0,543708265	0,704238583	17	0,427497076	1,306030216	3,986034328	14
ITA	ITAclosed8	ITA8	closed	18	18	0,422528042	0,499895949	17	0,339452104	1,065216948	3,020605259	12
ITA	ITAopen8	ITA8	open	18	18	0,523484778	0,727785124	14	0,466792339	0,95275913	3,122352346	12
ITA	ITAclosed1	ITA1	closed	24	24	0,397984224	0,545209633	23	0,418367974	1,325360713	4,154725434	20
ITA	ITAopen1	ITA1	open	24	24	0,403330135	0,509153966	8	0,547235835	1,145618271	3,718959539	20
ITA	ITAclosed10	ITA10	closed	24	24	0,486097821	0,627700616	11	0,427938107	1,018214831	3,074082692	5
ITA	ITAopen10	ITA10	open	24	24	0,505557232	0,358264662	3	0,6600139	0,754552201	2,644135772	5
ITA	ITAclosed12	ITA12	closed	24	24	0,522326002	0,447742923	5	NA	NA	NA	21
ITA	ITAopen12	ITA12	open	24	24	0,761229312	1,154063038	5	0,576366925	0,931862568	3,040046756	21
ITA	ITAclosed14	ITA14	closed	24	24	0,691723968	0,893092854	15	0,43204004	1,059488872	3,299613624	5
ITA	ITAopen14	ITA14	open	24	24	0,45140415	0,582238148	9	0,575378308	1,124261727	3,903688618	5
ITA	ITAclosed15	ITA15	closed	24	24	0,584789482	0,520745332	40	0,237758658	1,184956161	3,146572509	8
ITA	ITAopen15	ITA15	open	24	24	0,571422265	0,568055083	14	0,251024523	0,814616917	2,270403342	8
ITA	ITAclosed2	ITA2	closed	24	24	0,642226415	0,83995613	20	0,421747554	1,34576958	4,155868095	11
ITA	ITAopen2	ITA2	open	24	24	0,517275198	0,631814049	9	0,597460508	0,970812303	3,567462249	11
ITA	ITAclosed4	ITA4	closed	24	24	0,522109024	0,716604969	28	0,438227897	1,424776479	4,710972196	6
ITA	ITAopen4	ITA4	open	24	24	0,439470177	0,417223936	12	0,406737028	1,021365983	3,039236602	6
ITA	ITAclosed6	ITA6	closed	24	24	0,463609225	0,573661426	21	0,330713708	1,26180614	3,501346433	14
ITA	ITAopen6	ITA6	open	24	24	0,519800302	0,694302301	14	0,392433095	1,140367195	3,31626978	14
ITA	ITAclosed8	ITA8	closed	24	24	0,37145841	0,481815352	16	0,349019848	1,042728094	2,98515528	12
ITA	ITAopen8	ITA8	open	24	24	0,53748089	0,718816673	12	0,498669797	0,929240897	3,127950683	12
ITA	ITAclosed1	ITA1	closed	30	30	0,394751702	0,525884485	24	0,415786415	1,414259595	4,425398933	20
ITA	ITAopen1	ITA1	open	30	30	0,400816332	0,457828292	9	0,557057078	1,220249498	4,057735608	20
ITA	ITAclosed10	ITA10	closed	30	30	0,446973007	0,576859346	13	0,411049586	1,141895485	3,363505089	5
ITA	ITAopen10	ITA10	open	30	30	0,552398139	0,431673813	3	0,6600139	0,754552201	2,644135772	5
ITA	ITAclosed12	ITA12	closed	30	30	0,533390842	0,438469295	5	NA	NA	NA	21
ITA	ITAopen12	ITA12	open	30	30	0,751294695	1,115118122	5	0,576366925	0,931862568	3,040046756	21
ITA	ITAclosed14	ITA14	closed	30	30	0,634038638	0,820900715	16	0,440097679	1,063173176	3,363908876	5
ITA	ITAopen14	ITA14	open	30	30	0,45379481	0,601117708	13	0,479830364	1,205204821	3,841937532	5
ITA	ITAclosed15	ITA15	closed	30	30	0,585118693	0,509453694	47	0,216060225	1,177050432	3,084324864	8
ITA	ITAopen15	ITA15	open	30	30	0,516796017	0,548528463	14	0,251024523	0,814616917	2,270403342	8
ITA	ITAclosed2	ITA2	closed	30	30	0,60391768	0,816314266	22	0,425587467	1,356016684	4,263957253	11
ITA	ITAopen2	ITA2	open	30	30	0,543349037	0,661914347	8	0,607453344	1,095883602	3,921807145	11
ITA	ITAclosed4	ITA4	closed	30	30	0,556352276	0,573513407	40	0,333435847	1,390637661	4,108740965	6
ITA	ITAopen4	ITA4	open	30	30	0,42730482	0,410811434	15	0,375792428	1,136707473	3,269851562	6
ITA	ITAclosed6	ITA6	closed	30	30	0,460744272	0,531736882	21	0,34464611	1,129159583	3,247203268	14
ITA	ITAopen6	ITA6	open	30	30	0,553526356	0,650871176	21	0,56778679	0,692972947	2,699443442	14
ITA	ITAclosed8	ITA8	closed	30	30	0,410127147	0,52929297	15	0,362143689	1,045019788	3,014431534	12
ITA	ITAopen8	ITA8	open	30	30	0,529896676	0,694283396	9	0,478184775	0,995628152	3,121672202	12
ITA	ITAclosed1	ITA1	closed	36	37	0,400508196	0,545796574	24	0,415786415	1,414259595	4,425398933	20
ITA	ITAopen1	ITA1	open	36	37	0,351779557	0,428936105	9	0,557057078	1,220249498	4,057735608	20
ITA	ITAclosed10	ITA10	closed	36	37	0,426970897	0,557465219	15	0,356395431	1,016339881	2,932555708	5
ITA	ITAopen10	ITA10	open	36	37	0,55149266	0,434806706	3	0,6600139	0,754552201	2,644135772	5
ITA	ITAclosed12	ITA12	closed	36	37	0,542780487	0,417489926	5	NA	NA	NA	21
ITA	ITAopen12	ITA12	open	36	37	0,758922652	1,118608183	5	0,576366925	0,931862568	3,040046756	21
ITA	ITAclosed14	ITA14	closed	36	37	0,629651723	0,837338234	21	0,379994025	1,080405101	3,259157576	5
ITA	ITAopen14	ITA14	open	36	37	0,38026092	0,494748795	9	0,540032215	1,157996957	3,798531413	5
ITA	ITAclosed15	ITA15	closed	36	37	0,547099387	0,486499024	44	0,253195662	1,131982145	3,103100787	8
ITA	ITAopen15	ITA15	open	36	37	0,542291088	0,569789955	13	0,263031886	0,814451567	2,282079477	8
ITA	ITAclosed2	ITA2	closed	36	37	0,58556712	0,797490883	24	0,41909438	1,37862238	4,340724201	11
ITA	ITAopen2	ITA2	open	36	37	0,488073887	0,608589376	10	0,5521783	1,145400029	3,905526091	11
ITA	ITAclosed4	ITA4	closed	36	37	0,546972486	0,508794989	45	0,2989601	1,299870419	3,717342631	6
ITA	ITAopen4	ITA4	open	36	37	0,488143303	0,468176828	18	0,389264193	1,218684445	3,596110999	6
ITA	ITAclosed6	ITA6	closed	36	37	0,452442992	0,542713943	22	0,357323838	1,130230148	3,312481235	14
ITA	ITAopen6	ITA6	open	36	37	0,556117649	0,708258318	16	0,351128524	1,06612705	3,043908304	14
ITA	ITAclosed8	ITA8	closed	36	37	0,421431955	0,531171015	14	0,376695786	1,045690859	3,043252839	12
ITA	ITAopen8	ITA8	open	36	37	0,531165702	0,720518466	10	0,451878503	1,010215719	3,103773677	12
ITA	ITAclosed1	ITA1	closed	42	43	0,423102936	0,578129057	23	0,454731114	1,36812855	4,518433843	20
ITA	ITAopen1	ITA1	open	42	43	0,385423929	0,441818895	10	0,547968024	1,23239611	4,123307012	20
ITA	ITAclosed10	ITA10	closed	42	43	0,429371291	0,551744261	15	0,375792428	1,136707473	3,269851562	5
ITA	ITAopen10	ITA10	open	42	43	0,627858454	0,512845817	2	0,816023395	0,691168686	2,700418534	5
ITA	ITAclosed12	ITA12	closed	42	43	0,646132977	0,446303631	3	NA	NA	NA	21
ITA	ITAopen12	ITA12	open	42	43	0,735661739	1,091667894	5	0,576366925	0,931862568	3,040046756	21
ITA	ITAclosed14	ITA14	closed	42	43	0,61789775	0,820656411	22	0,368175427	1,07911641	3,224737621	5
ITA	ITAopen14	ITA14	open	42	43	0,498773718	0,572866323	7	0,622742873	1,098572259	3,908605157	5
ITA	ITAclosed15	ITA15	closed	42	43	0,562823565	0,475187711	49	0,230658835	1,234140761	3,276098185	8
ITA	ITAopen15	ITA15	open	42	43	0,567734434	0,622237241	13	0,263031886	0,814451567	2,282079477	8
ITA	ITAclosed2	ITA2	closed	42	43	0,577265949	0,796628239	25	0,407543793	1,379403426	4,293441891	11
ITA	ITAopen2	ITA2	open	42	43	0,4831111	0,595413293	10	0,5521783	1,145400029	3,905526091	11
ITA	ITAclosed4	ITA4	closed	42	43	0,546354397	0,520104032	44	0,303751662	1,304115146	3,745048684	6
ITA	ITAopen4	ITA4	open	42	43	0,468640038	0,506909669	15	0,438536209	1,221166666	3,751437532	6
ITA	ITAclosed6	ITA6	closed	42	43	0,471321254	0,564805265	22	0,339969967	1,171334889	3,344479018	14
ITA	ITAopen6	ITA6	open	42	43	0,563777329	0,728483069	17	0,339452104	1,065216948	3,020605259	14
ITA	ITAclosed8	ITA8	closed	42	43	0,421620437	0,532103526	15	0,362143689	1,045019788	3,014431534	12
ITA	ITAopen8	ITA8	open	42	43	0,529281623	0,711889988	10	0,451878503	1,010215719	3,103773677	12
ITA	ITAclosed1	ITA1	closed	48	50	0,404194228	0,545190958	21	0,448917139	1,390162283	4,488713281	20
ITA	ITAopen1	ITA1	open	48	50	0,365767533	0,398869031	11	0,514873335	1,246148811	4,036517474	20
ITA	ITAclosed10	ITA10	closed	48	50	0,432568689	0,565106709	14	0,392433095	1,140367195	3,31626978	5
ITA	ITAopen10	ITA10	open	48	50	0,721218428	0,974660093	1	NA	NA	NA	5
ITA	ITAclosed12	ITA12	closed	48	50	0,62393784	0,461988487	3	NA	NA	NA	21
ITA	ITAopen12	ITA12	open	48	50	0,645694217	0,783359765	5	0,576366925	0,931862568	3,040046756	21
ITA	ITAclosed14	ITA14	closed	48	50	0,595961779	0,751148407	13	0,50673066	1,035675602	3,495153135	5
ITA	ITAopen14	ITA14	open	48	50	0,576672238	0,66052369	5	0,702843361	1,04426326	3,921713766	5
ITA	ITAclosed15	ITA15	closed	48	50	0,577329568	0,485382586	47	0,23679847	1,241962311	3,308951343	8
ITA	ITAopen15	ITA15	open	48	50	0,535748908	0,660199983	10	0,310107645	0,813815923	2,328702828	8
ITA	ITAclosed2	ITA2	closed	48	50	0,590949341	0,820075787	25	0,416337261	1,366678356	4,310575135	11
ITA	ITAopen2	ITA2	open	48	50	0,526294967	0,651588007	11	0,535759247	1,159752099	3,917362645	11
ITA	ITAclosed4	ITA4	closed	48	50	0,537505845	0,524371846	40	0,32872224	1,314448132	3,867226215	6
ITA	ITAopen4	ITA4	open	48	50	0,520320555	0,630770898	11	0,524548328	1,168067938	3,878263869	6
ITA	ITAclosed6	ITA6	closed	48	50	0,487533829	0,587397672	21	0,349833306	1,172512867	3,371539591	14
ITA	ITAopen6	ITA6	open	48	50	0,551271344	0,692838451	17	0,339452104	1,065216948	3,020605259	14
ITA	ITAclosed8	ITA8	closed	48	50	0,411471647	0,524254283	13	0,387990855	1,021371733	3,002908928	12
ITA	ITAopen8	ITA8	open	48	50	0,507130801	0,680227347	11	0,430970421	1,027435285	3,105934555	12
ITA	ITAclosed1	ITA1	closed	54	57	0,472718566	0,608855479	21	0,472626517	1,349581416	4,523941727	20
ITA	ITAopen1	ITA1	open	54	57	0,374492064	0,396425208	14	0,437089136	1,246418587	3,771833704	20
ITA	ITAclosed10	ITA10	closed	54	57	0,428718339	0,526510405	17	0,347282566	1,126130722	3,183173626	5
ITA	ITAopen10	ITA10	open	54	57	0,644122505	0,565249263	2	0,816023395	0,691168686	2,700418534	5
ITA	ITAclosed12	ITA12	closed	54	57	0,644029927	0,441890594	3	NA	NA	NA	21
ITA	ITAopen12	ITA12	open	54	57	0,640861236	0,767313959	5	0,576366925	0,931862568	3,040046756	21
ITA	ITAclosed14	ITA14	closed	54	57	0,758168096	1,069182372	91	0,123543378	0,946668621	2,432449383	5
ITA	ITAopen14	ITA14	open	54	57	0,737276992	1,048479473	39	0,184793595	1,016046442	2,628271939	5
ITA	ITAclosed15	ITA15	closed	54	57	0,538061738	0,474794819	48	0,23367808	1,238028339	3,292307126	8
ITA	ITAopen15	ITA15	open	54	57	0,451555899	0,568684639	10	0,310107645	0,813815923	2,328702828	8
ITA	ITAclosed2	ITA2	closed	54	57	0,632215853	0,880576454	26	0,396704354	1,351146517	4,165596005	11
ITA	ITAopen2	ITA2	open	54	57	0,496998227	0,617939652	16	0,480562067	1,178204526	3,882098882	11
ITA	ITAclosed4	ITA4	closed	54	57	0,506083119	0,500427337	43	0,312226039	1,302286051	3,774501791	6
ITA	ITAopen4	ITA4	open	54	57	0,60079459	0,719365671	10	0,541087822	1,149856641	3,855860066	6
ITA	ITAclosed6	ITA6	closed	54	57	0,48003372	0,575519748	23	0,33081108	1,169112606	3,317060972	14
ITA	ITAopen6	ITA6	open	54	57	0,502384897	0,626460657	19	0,319283266	1,097438714	3,055147866	14
ITA	ITAclosed8	ITA8	closed	54	57	0,421236227	0,486936486	14	0,37132504	1,019430083	2,967024023	12
ITA	ITAopen8	ITA8	open	54	57	0,554310474	0,710687829	10	0,451878503	1,010215719	3,103773677	12
ITA	ITAclosed1	ITA1	closed	60	61	0,465511153	0,59533513	22	0,459194048	1,360837526	4,497545587	20
ITA	ITAopen1	ITA1	open	60	61	0,376618492	0,410569838	13	0,459865042	1,250513933	3,856052022	20
ITA	ITAclosed10	ITA10	closed	60	61	0,425710977	0,476703564	23	0,286527602	1,090592301	2,981484428	5
ITA	ITAopen10	ITA10	open	60	61	0,571597978	0,493214159	3	0,6600139	0,754552201	2,644135772	5
ITA	ITAclosed12	ITA12	closed	60	61	0,673386342	0,426063327	3	NA	NA	NA	21
ITA	ITAopen12	ITA12	open	60	61	0,653404049	0,773243909	5	0,576366925	0,931862568	3,040046756	21
ITA	ITAclosed14	ITA14	closed	60	61	0,777450379	1,108466842	98	0,106341665	0,938498506	2,379666655	5
ITA	ITAopen14	ITA14	open	60	61	0,723668475	1,025310722	40	0,195875123	1,038492777	2,706059271	5
ITA	ITAclosed15	ITA15	closed	60	61	0,49860337	0,46005205	50	0,240010677	1,236170621	3,323695114	8
ITA	ITAopen15	ITA15	open	60	61	0,42474791	0,532907173	9	0,331219907	0,813436959	2,349954658	8
ITA	ITAclosed2	ITA2	closed	60	61	0,57173189	0,798566096	30	0,383916925	1,403542803	4,315588912	11
ITA	ITAopen2	ITA2	open	60	61	0,504713832	0,530446115	21	0,382475431	1,197249222	3,573013505	11
ITA	ITAclosed4	ITA4	closed	60	61	0,486191765	0,478092003	47	0,293072102	1,286033958	3,665370728	6
ITA	ITAopen4	ITA4	open	60	61	0,607164522	0,745423005	10	0,541087822	1,149856641	3,855860066	6
ITA	ITAclosed6	ITA6	closed	60	61	0,488638404	0,604083472	25	0,353149948	1,164992873	3,423044703	14
ITA	ITAopen6	ITA6	open	60	61	0,494280234	0,590996287	19	0,319052773	1,102639926	3,065698584	14
ITA	ITAclosed8	ITA8	closed	60	61	0,416749778	0,46124283	15	0,356395431	1,016339881	2,932555708	12
ITA	ITAopen8	ITA8	open	60	61	0,548438013	0,705710621	10	0,451878503	1,010215719	3,103773677	12
ITA	ITAclosed1	ITA1	closed	66	69	0,418796247	0,559905694	25	0,430757207	1,383172242	4,454696281	20
ITA	ITAopen1	ITA1	open	66	69	0,393983693	0,400236041	14	0,437089136	1,246418587	3,771833704	20
ITA	ITAclosed10	ITA10	closed	66	69	0,409775363	0,489502952	21	0,303689502	1,101989717	3,039727223	5
ITA	ITAopen10	ITA10	open	66	69	0,359231148	0,391612817	5	0,478524108	0,803784725	2,497216666	5
ITA	ITAclosed12	ITA12	closed	66	69	0,680530815	0,418503344	3	NA	NA	NA	21
ITA	ITAopen12	ITA12	open	66	69	0,509767446	0,607403639	6	0,573190782	0,929240897	3,127950683	21
ITA	ITAclosed14	ITA14	closed	66	69	0,767658952	1,076109471	48	0,176196239	0,976266578	2,55742034	5
ITA	ITAopen14	ITA14	open	66	69	0,758352028	1,039426837	21	0,283288317	1,077643954	2,921877766	5
ITA	ITAclosed15	ITA15	closed	66	69	0,515201176	0,461851969	48	0,246294334	1,2436784	3,357409475	8
ITA	ITAopen15	ITA15	open	66	69	0,351079359	0,429214626	6	NA	NA	NA	8
ITA	ITAclosed2	ITA2	closed	66	69	0,547838911	0,76371131	28	0,367240399	1,440031688	4,279197292	11
ITA	ITAopen2	ITA2	open	66	69	0,525159004	0,548580583	19	0,409172018	1,200813622	3,665490945	11
ITA	ITAclosed4	ITA4	closed	66	69	0,444388833	0,37692058	32	0,264372169	1,194341167	3,212941232	6
ITA	ITAopen4	ITA4	open	66	69	0,673951124	0,791515559	6	0,58936851	1,038600945	3,454510647	6
ITA	ITAclosed6	ITA6	closed	66	69	0,504022739	0,670403041	25	0,372262906	1,17490877	3,530387875	14
ITA	ITAopen6	ITA6	open	66	69	0,474858323	0,579830862	14	0,378327784	1,060667	3,082480724	14
ITA	ITAclosed8	ITA8	closed	66	69	0,384933202	0,454006037	15	0,356395431	1,016339881	2,932555708	12
ITA	ITAopen8	ITA8	open	66	69	0,410422292	0,550983648	6	0,51204312	0,9457461	2,945363865	12
ITA	ITAclosed1	ITA1	closed	72	74	0,335400485	0,493417638	27	0,400042561	1,381259538	4,294308627	20
ITA	ITAopen1	ITA1	open	72	74	0,465252911	0,358928076	14	0,411724294	1,213946559	3,570873168	20
ITA	ITAclosed10	ITA10	closed	72	74	0,379286429	0,521357332	18	0,334952666	1,120134544	3,143581904	5
ITA	ITAopen10	ITA10	open	72	74	0,328383738	0,372025428	5	0,478524108	0,803784725	2,497216666	5
ITA	ITAclosed12	ITA12	closed	72	74	0,692424792	0,427955429	3	NA	NA	NA	21
ITA	ITAopen12	ITA12	open	72	74	0,44353568	0,600402245	6	0,573190782	0,929240897	3,127950683	21
ITA	ITAclosed14	ITA14	closed	72	74	0,758213967	1,01390339	23	0,290908942	1,037723046	2,881743726	5
ITA	ITAopen14	ITA14	open	72	74	0,772793591	1,15738789	7	0,533138065	1,056234321	3,350260461	5
ITA	ITAclosed15	ITA15	closed	72	74	0,538058035	0,471442676	48	0,246294334	1,2436784	3,357409475	8
ITA	ITAopen15	ITA15	open	72	74	0,384518009	0,418490113	3	NA	NA	NA	8
ITA	ITAclosed2	ITA2	closed	72	74	0,574022179	0,779661969	28	0,363291079	1,37125333	4,065611124	11
ITA	ITAopen2	ITA2	open	72	74	0,525612936	0,545677011	16	0,448063394	1,180338218	3,720849036	11
ITA	ITAclosed4	ITA4	closed	72	74	0,491450824	0,520440828	38	0,32180758	1,329021107	3,853331176	6
ITA	ITAopen4	ITA4	open	72	74	0,649479118	0,784637383	5	0,657365571	0,997804993	3,542680089	6
ITA	ITAclosed6	ITA6	closed	72	74	0,455410932	0,619222095	24	0,362144148	1,165326403	3,44842756	14
ITA	ITAopen6	ITA6	open	72	74	0,502174887	0,56940578	12	0,411029253	1,038247556	3,092410182	14
ITA	ITAclosed8	ITA8	closed	72	74	0,350268863	0,441074097	16	0,34293791	1,012573965	2,899922948	12
ITA	ITAopen8	ITA8	open	72	74	0,426540279	0,570751453	4	0,550978757	0,790633752	2,563169777	12
