Site	UniquePair	UnPlot	Treatment	Time	RealTime	jaccdist	Heucdist	Abund	Estar	Hstar	Dstar	Adpalms
ITA	ITA1	ITAclosed1	closed	0	0	0,665819801	0,940376925	1	NA	NA	NA	20
ITA	ITA1	ITAopen1	open	0	0	0,65014988	0,897555996	3	0,755976311	0,843149336	3,179021609	20
ITA	ITA10	ITAclosed10	closed	0	0	0,665818272	0,940377021	1	NA	NA	NA	5
ITA	ITA10	ITAopen10	open	0	0	0,681749612	0,979655681	1	NA	NA	NA	5
ITA	ITA12	ITAclosed12	closed	0	0	NA	NA	0	NA	NA	NA	21
ITA	ITA12	ITAopen12	open	0	0	NA	NA	0	NA	NA	NA	21
ITA	ITA14	ITAclosed14	closed	0	0	NA	NA	0	NA	NA	NA	5
ITA	ITA14	ITAopen14	open	0	0	NA	NA	0	NA	NA	NA	5
ITA	ITA15	ITAclosed15	closed	0	0	0,66581847	0,940377007	4	0,661387626	0,893204375	3,134115302	8
ITA	ITA15	ITAopen15	open	0	0	0,635457647	0,923626419	3	0,6600139	0,754552201	2,644135772	8
ITA	ITA2	ITAclosed2	closed	0	0	0,600995667	0,855644825	2	0,816023395	0,691168686	2,700418534	11
ITA	ITA2	ITAopen2	open	0	0	0,635457647	0,923626419	3	0,755976311	0,843149336	3,179021609	11
ITA	ITA4	ITAclosed4	closed	0	0	0,665818272	0,940377021	1	NA	NA	NA	6
ITA	ITA4	ITAopen4	open	0	0	0,62406401	0,865811416	5	0,576366925	0,931862568	3,040046756	6
ITA	ITA6	ITAclosed6	closed	0	0	0,600995667	0,855644825	3	0,6600139	0,754552201	2,644135772	14
ITA	ITA6	ITAopen6	open	0	0	0,621230529	0,828845765	4	0,550978757	0,790633752	2,563169777	14
ITA	ITA8	ITAclosed8	closed	0	0	0,665820216	0,940377893	1	NA	NA	NA	12
ITA	ITA8	ITAopen8	open	0	0	0,595627247	0,788581612	6	0,58936851	1,038600945	3,454510647	12
ITA	ITA1	ITAclosed1	closed	6	6	0,662045216	0,935633909	1	NA	NA	NA	20
ITA	ITA1	ITAopen1	open	6	6	0,651873342	0,90095588	3	0,755976311	0,843149336	3,179021609	20
ITA	ITA10	ITAclosed10	closed	6	6	0,662057626	0,935667501	1	NA	NA	NA	5
ITA	ITA10	ITAopen10	open	6	6	0,678865031	0,971183438	1	NA	NA	NA	5
ITA	ITA12	ITAclosed12	closed	6	6	NA	NA	0	NA	NA	NA	21
ITA	ITA12	ITAopen12	open	6	6	NA	NA	0	NA	NA	NA	21
ITA	ITA14	ITAclosed14	closed	6	6	NA	NA	0	NA	NA	NA	5
ITA	ITA14	ITAopen14	open	6	6	0,678833822	0,971161344	1	NA	NA	NA	5
ITA	ITA15	ITAclosed15	closed	6	6	0,662052684	0,935634548	4	0,661387626	0,893204375	3,134115302	8
ITA	ITA15	ITAopen15	open	6	6	0,645139972	0,928465852	4	0,661387626	0,893204375	3,134115302	8
ITA	ITA2	ITAclosed2	closed	6	6	0,618619503	0,877847723	3	0,755976311	0,843149336	3,179021609	11
ITA	ITA2	ITAopen2	open	6	6	0,645289732	0,928443168	3	0,755976311	0,843149336	3,179021609	11
ITA	ITA4	ITAclosed4	closed	6	6	0,662057626	0,935667501	1	NA	NA	NA	6
ITA	ITA4	ITAopen4	open	6	6	0,641797475	0,895995025	8	0,530552771	1,068043135	3,448599661	6
ITA	ITA6	ITAclosed6	closed	6	6	0,618611056	0,877910525	4	0,661387626	0,893204375	3,134115302	14
ITA	ITA6	ITAopen6	open	6	6	0,634476797	0,85855843	4	0,550978757	0,790633752	2,563169777	14
ITA	ITA8	ITAclosed8	closed	6	6	0,662049924	0,935648273	2	0,816023395	0,691168686	2,700418534	12
ITA	ITA8	ITAopen8	open	6	6	0,610722336	0,81645459	6	0,58936851	1,038600945	3,454510647	12
ITA	ITA1	ITAclosed1	closed	12	12	0,608054384	0,868737093	2	0,816023395	0,691168686	2,700418534	20
ITA	ITA1	ITAopen1	open	12	12	0,65865487	0,916771715	4	0,723680979	0,954929388	3,574618281	20
ITA	ITA10	ITAclosed10	closed	12	12	0,676291385	0,95449633	1	NA	NA	NA	5
ITA	ITA10	ITAopen10	open	12	12	0,682272343	0,975424578	1	NA	NA	NA	5
ITA	ITA12	ITAclosed12	closed	12	12	0,608051778	0,86875442	2	0,816023395	0,691168686	2,700418534	21
ITA	ITA12	ITAopen12	open	12	12	NA	NA	0	NA	NA	NA	21
ITA	ITA14	ITAclosed14	closed	12	12	NA	NA	0	NA	NA	NA	5
ITA	ITA14	ITAopen14	open	12	12	0,682335147	0,975444622	1	NA	NA	NA	5
ITA	ITA15	ITAclosed15	closed	12	12	0,676292061	0,954420861	5	0,628644398	0,8951471	3,162344167	8
ITA	ITA15	ITAopen15	open	12	12	0,625181102	0,898929273	5	0,657365571	0,997804993	3,542680089	8
ITA	ITA2	ITAclosed2	closed	12	12	0,642157742	0,908720749	3	0,755976311	0,843149336	3,179021609	11
ITA	ITA2	ITAopen2	open	12	12	0,652578582	0,936524805	3	0,755976311	0,843149336	3,179021609	11
ITA	ITA4	ITAclosed4	closed	12	12	0,676292441	0,954434247	3	0,755976311	0,843149336	3,179021609	6
ITA	ITA4	ITAopen4	open	12	12	0,64190113	0,893432337	7	0,533138065	1,056234321	3,350260461	6
ITA	ITA6	ITAclosed6	closed	12	12	0,642160441	0,90870991	4	0,661387626	0,893204375	3,134115302	14
ITA	ITA6	ITAopen6	open	12	12	0,607842552	0,820198163	4	0,550978757	0,790633752	2,563169777	14
ITA	ITA8	ITAclosed8	closed	12	12	0,676291909	0,954441024	1	NA	NA	NA	12
ITA	ITA8	ITAopen8	open	12	12	0,615781787	0,829145124	6	0,58936851	1,038600945	3,454510647	12
ITA	ITA1	ITAclosed1	closed	18	18	0,62480856	0,893609399	2	0,816023395	0,691168686	2,700418534	20
ITA	ITA1	ITAopen1	open	18	18	0,647682375	0,89746175	4	0,723680979	0,954929388	3,574618281	20
ITA	ITA10	ITAclosed10	closed	18	18	0,681710387	0,964591004	2	0,816023395	0,691168686	2,700418534	5
ITA	ITA10	ITAopen10	open	18	18	0,671800134	0,958402164	1	NA	NA	NA	5
ITA	ITA12	ITAclosed12	closed	18	18	0,624759358	0,893609266	2	0,816023395	0,691168686	2,700418534	21
ITA	ITA12	ITAopen12	open	18	18	NA	NA	0	NA	NA	NA	21
ITA	ITA14	ITAclosed14	closed	18	18	0,645353614	0,899197378	1	NA	NA	NA	5
ITA	ITA14	ITAopen14	open	18	18	0,671773243	0,95839819	1	NA	NA	NA	5
ITA	ITA15	ITAclosed15	closed	18	18	0,681784139	0,964583332	6	0,624260812	1,010425499	3,556878195	8
ITA	ITA15	ITAopen15	open	18	18	0,645373349	0,922241194	6	0,652487192	1,08238089	3,900209527	8
ITA	ITA2	ITAclosed2	closed	18	18	0,65524591	0,927659389	3	0,755976311	0,843149336	3,179021609	11
ITA	ITA2	ITAopen2	open	18	18	0,64563268	0,922273157	3	0,755976311	0,843149336	3,179021609	11
ITA	ITA4	ITAclosed4	closed	18	18	0,681734786	0,964595154	3	0,755976311	0,843149336	3,179021609	6
ITA	ITA4	ITAopen4	open	18	18	0,671800134	0,958402164	6	0,51204312	0,9457461	2,945363865	6
ITA	ITA6	ITAclosed6	closed	18	18	0,619786477	0,863828406	5	0,657365571	0,997804993	3,542680089	14
ITA	ITA6	ITAopen6	open	18	18	0,649915958	0,895378113	5	0,478524108	0,803784725	2,497216666	14
ITA	ITA8	ITAclosed8	closed	18	18	0,681733318	0,964592301	1	NA	NA	NA	12
ITA	ITA8	ITAopen8	open	18	18	0,626011726	0,836620677	6	0,58936851	1,038600945	3,454510647	12
ITA	ITA1	ITAclosed1	closed	24	24	0,60155104	0,860355441	2	0,816023395	0,691168686	2,700418534	20
ITA	ITA1	ITAopen1	open	24	24	0,668123205	0,950289353	3	0,755976311	0,843149336	3,179021609	20
ITA	ITA10	ITAclosed10	closed	24	24	0,671880613	0,948450011	2	0,816023395	0,691168686	2,700418534	5
ITA	ITA10	ITAopen10	open	24	24	0,668117741	0,950284051	1	NA	NA	NA	5
ITA	ITA12	ITAclosed12	closed	24	24	0,601551044	0,860355509	2	0,816023395	0,691168686	2,700418534	21
ITA	ITA12	ITAopen12	open	24	24	NA	NA	0	NA	NA	NA	21
ITA	ITA14	ITAclosed14	closed	24	24	NA	NA	0	NA	NA	NA	5
ITA	ITA14	ITAopen14	open	24	24	NA	NA	0	NA	NA	NA	5
ITA	ITA15	ITAclosed15	closed	24	24	0,671880613	0,948442081	6	0,624260812	1,010425499	3,556878195	8
ITA	ITA15	ITAopen15	open	24	24	0,612468461	0,874615441	6	0,652487192	1,08238089	3,900209527	8
ITA	ITA2	ITAclosed2	closed	24	24	0,671880613	0,948450011	1	NA	NA	NA	11
ITA	ITA2	ITAopen2	open	24	24	0,635708129	0,905361188	3	0,755976311	0,843149336	3,179021609	11
ITA	ITA4	ITAclosed4	closed	24	24	0,671880822	0,94841187	3	0,755976311	0,843149336	3,179021609	6
ITA	ITA4	ITAopen4	open	24	24	0,644373758	0,918871457	6	0,51204312	0,9457461	2,945363865	6
ITA	ITA6	ITAclosed6	closed	24	24	0,671880713	0,948405675	5	0,657365571	0,997804993	3,542680089	14
ITA	ITA6	ITAopen6	open	24	24	0,643336884	0,879443236	5	0,478524108	0,803784725	2,497216666	14
ITA	ITA8	ITAclosed8	closed	24	24	0,671880784	0,948435604	1	NA	NA	NA	12
ITA	ITA8	ITAopen8	open	24	24	0,643336683	0,879446189	6	0,58936851	1,038600945	3,454510647	12
ITA	ITA1	ITAclosed1	closed	30	30	0,607146394	0,868785163	2	0,816023395	0,691168686	2,700418534	20
ITA	ITA1	ITAopen1	open	30	30	0,662492721	0,942927539	4	0,723680979	0,954929388	3,574618281	20
ITA	ITA10	ITAclosed10	closed	30	30	0,675674046	0,954436303	2	0,816023395	0,691168686	2,700418534	5
ITA	ITA10	ITAopen10	open	30	30	0,662490759	0,942910179	1	NA	NA	NA	5
ITA	ITA12	ITAclosed12	closed	30	30	0,607178524	0,868785734	2	0,816023395	0,691168686	2,700418534	21
ITA	ITA12	ITAopen12	open	30	30	NA	NA	0	NA	NA	NA	21
ITA	ITA14	ITAclosed14	closed	30	30	NA	NA	0	NA	NA	NA	5
ITA	ITA14	ITAopen14	open	30	30	NA	NA	0	NA	NA	NA	5
ITA	ITA15	ITAclosed15	closed	30	30	0,646351236	0,908700194	6	0,624260812	1,010425499	3,556878195	8
ITA	ITA15	ITAopen15	open	30	30	0,641214067	0,914632175	6	0,652487192	1,08238089	3,900209527	8
ITA	ITA2	ITAclosed2	closed	30	30	0,675674046	0,954436303	2	0,816023395	0,691168686	2,700418534	11
ITA	ITA2	ITAopen2	open	30	30	0,662484556	0,942929575	2	0,816023395	0,691168686	2,700418534	11
ITA	ITA4	ITAclosed4	closed	30	30	0,675606678	0,954434687	3	0,755976311	0,843149336	3,179021609	6
ITA	ITA4	ITAopen4	open	30	30	0,641215629	0,9146224	7	0,462905355	0,948504338	2,863718483	6
ITA	ITA6	ITAclosed6	closed	30	30	0,675643122	0,954436802	6	0,652487192	1,08238089	3,900209527	14
ITA	ITA6	ITAopen6	open	30	30	0,636877034	0,86965051	5	0,478524108	0,803784725	2,497216666	14
ITA	ITA8	ITAclosed8	closed	30	30	0,646256024	0,908699413	2	0,816023395	0,691168686	2,700418534	12
ITA	ITA8	ITAopen8	open	30	30	0,636877114	0,869653829	6	0,58936851	1,038600945	3,454510647	12
ITA	ITA1	ITAclosed1	closed	36	37	0,607086806	0,868787228	2	0,816023395	0,691168686	2,700418534	20
ITA	ITA1	ITAopen1	open	36	37	0,662499662	0,943053943	4	0,723680979	0,954929388	3,574618281	20
ITA	ITA10	ITAclosed10	closed	36	37	0,675732823	0,954435003	2	0,816023395	0,691168686	2,700418534	5
ITA	ITA10	ITAopen10	open	36	37	0,66250771	0,943032622	1	NA	NA	NA	5
ITA	ITA12	ITAclosed12	closed	36	37	0,607095048	0,868787213	2	0,816023395	0,691168686	2,700418534	21
ITA	ITA12	ITAopen12	open	36	37	NA	NA	0	NA	NA	NA	21
ITA	ITA14	ITAclosed14	closed	36	37	NA	NA	0	NA	NA	NA	5
ITA	ITA14	ITAopen14	open	36	37	NA	NA	0	NA	NA	NA	5
ITA	ITA15	ITAclosed15	closed	36	37	0,646294194	0,908699707	6	0,624260812	1,010425499	3,556878195	8
ITA	ITA15	ITAopen15	open	36	37	0,641215183	0,913986527	5	0,657365571	0,997804993	3,542680089	8
ITA	ITA2	ITAclosed2	closed	36	37	0,675732823	0,954435003	1	NA	NA	NA	11
ITA	ITA2	ITAopen2	open	36	37	0,662481216	0,943042494	2	0,816023395	0,691168686	2,700418534	11
ITA	ITA4	ITAclosed4	closed	36	37	0,675578275	0,954431344	3	0,755976311	0,843149336	3,179021609	6
ITA	ITA4	ITAopen4	open	36	37	0,641212712	0,914014714	8	0,480125762	0,962519393	3,003525379	6
ITA	ITA6	ITAclosed6	closed	36	37	0,67573152	0,954439428	5	0,657365571	0,997804993	3,542680089	14
ITA	ITA6	ITAopen6	open	36	37	0,636861359	0,869804736	5	0,478524108	0,803784725	2,497216666	14
ITA	ITA8	ITAclosed8	closed	36	37	0,646278652	0,908699675	2	0,816023395	0,691168686	2,700418534	12
ITA	ITA8	ITAopen8	open	36	37	0,636874043	0,869796765	6	0,58936851	1,038600945	3,454510647	12
ITA	ITA1	ITAclosed1	closed	42	43	0,624583673	0,88430943	2	0,816023395	0,691168686	2,700418534	20
ITA	ITA1	ITAopen1	open	42	43	0,666934408	0,947471749	4	0,723680979	0,954929388	3,574618281	20
ITA	ITA10	ITAclosed10	closed	42	43	0,667749749	0,944162747	2	0,816023395	0,691168686	2,700418534	5
ITA	ITA10	ITAopen10	open	42	43	0,666809555	0,947466484	1	NA	NA	NA	5
ITA	ITA12	ITAclosed12	closed	42	43	0,624583623	0,884309103	4	0,661387626	0,893204375	3,134115302	21
ITA	ITA12	ITAopen12	open	42	43	0,666892436	0,947480619	1	NA	NA	NA	21
ITA	ITA14	ITAclosed14	closed	42	43	NA	NA	0	NA	NA	NA	5
ITA	ITA14	ITAopen14	open	42	43	NA	NA	0	NA	NA	NA	5
ITA	ITA15	ITAclosed15	closed	42	43	0,667750141	0,944161754	6	0,624260812	1,010425499	3,556878195	8
ITA	ITA15	ITAopen15	open	42	43	0,650297497	0,925260188	7	0,64778351	1,153628015	4,22216367	8
ITA	ITA2	ITAclosed2	closed	42	43	0,66775017	0,944163863	1	NA	NA	NA	11
ITA	ITA2	ITAopen2	open	42	43	0,666937358	0,947466954	2	0,816023395	0,691168686	2,700418534	11
ITA	ITA4	ITAclosed4	closed	42	43	0,66774976	0,944161877	2	0,816023395	0,691168686	2,700418534	6
ITA	ITA4	ITAopen4	open	42	43	0,65033376	0,925257867	7	0,462905355	0,948504338	2,863718483	6
ITA	ITA6	ITAclosed6	closed	42	43	0,667750328	0,944162585	6	0,652487192	1,08238089	3,900209527	14
ITA	ITA6	ITAopen6	open	42	43	0,645382046	0,88626502	5	0,478524108	0,803784725	2,497216666	14
ITA	ITA8	ITAclosed8	closed	42	43	0,667749637	0,944162063	1	NA	NA	NA	12
ITA	ITA8	ITAopen8	open	42	43	0,645405969	0,886260438	6	0,58936851	1,038600945	3,454510647	12
ITA	ITA1	ITAclosed1	closed	48	50	0,615762141	0,875590042	2	0,816023395	0,691168686	2,700418534	20
ITA	ITA1	ITAopen1	open	48	50	0,659039917	0,938616698	4	0,723680979	0,954929388	3,574618281	20
ITA	ITA10	ITAclosed10	closed	48	50	0,669314719	0,945703602	2	0,816023395	0,691168686	2,700418534	5
ITA	ITA10	ITAopen10	open	48	50	0,659077781	0,938616424	1	NA	NA	NA	5
ITA	ITA12	ITAclosed12	closed	48	50	0,615762143	0,875590085	3	0,755976311	0,843149336	3,179021609	21
ITA	ITA12	ITAopen12	open	48	50	NA	NA	0	NA	NA	NA	21
ITA	ITA14	ITAclosed14	closed	48	50	NA	NA	0	NA	NA	NA	5
ITA	ITA14	ITAopen14	open	48	50	NA	NA	0	NA	NA	NA	5
ITA	ITA15	ITAclosed15	closed	48	50	0,669314191	0,945703805	6	0,624260812	1,010425499	3,556878195	8
ITA	ITA15	ITAopen15	open	48	50	0,659079592	0,938616662	6	0,652487192	1,08238089	3,900209527	8
ITA	ITA2	ITAclosed2	closed	48	50	0,669314719	0,945703602	1	NA	NA	NA	11
ITA	ITA2	ITAopen2	open	48	50	0,659057696	0,938617176	2	0,816023395	0,691168686	2,700418534	11
ITA	ITA4	ITAclosed4	closed	48	50	0,669314246	0,9457035	2	0,816023395	0,691168686	2,700418534	6
ITA	ITA4	ITAopen4	open	48	50	0,659077781	0,938616424	7	0,462905355	0,948504338	2,863718483	6
ITA	ITA6	ITAclosed6	closed	48	50	0,669313531	0,945703361	6	0,652487192	1,08238089	3,900209527	14
ITA	ITA6	ITAopen6	open	48	50	0,632933319	0,86385785	5	0,478524108	0,803784725	2,497216666	14
ITA	ITA8	ITAclosed8	closed	48	50	0,669313476	0,945703498	1	NA	NA	NA	12
ITA	ITA8	ITAopen8	open	48	50	0,632931308	0,86385785	6	0,58936851	1,038600945	3,454510647	12
ITA	ITA1	ITAclosed1	closed	54	57	0,615745499	0,875602253	2	0,816023395	0,691168686	2,700418534	20
ITA	ITA1	ITAopen1	open	54	57	0,658661726	0,937542467	4	0,723680979	0,954929388	3,574618281	20
ITA	ITA10	ITAclosed10	closed	54	57	0,669277462	0,945687687	2	0,816023395	0,691168686	2,700418534	5
ITA	ITA10	ITAopen10	open	54	57	0,658662308	0,93754261	1	NA	NA	NA	5
ITA	ITA12	ITAclosed12	closed	54	57	0,615786911	0,875591118	3	0,755976311	0,843149336	3,179021609	21
ITA	ITA12	ITAopen12	open	54	57	NA	NA	0	NA	NA	NA	21
ITA	ITA14	ITAclosed14	closed	54	57	NA	NA	0	NA	NA	NA	5
ITA	ITA14	ITAopen14	open	54	57	NA	NA	0	NA	NA	NA	5
ITA	ITA15	ITAclosed15	closed	54	57	0,66933996	0,945687687	6	0,624260812	1,010425499	3,556878195	8
ITA	ITA15	ITAopen15	open	54	57	0,658659018	0,937541865	5	0,657365571	0,997804993	3,542680089	8
ITA	ITA2	ITAclosed2	closed	54	57	0,669289759	0,945687687	1	NA	NA	NA	11
ITA	ITA2	ITAopen2	open	54	57	0,658659996	0,93754179	2	0,816023395	0,691168686	2,700418534	11
ITA	ITA4	ITAclosed4	closed	54	57	0,669305405	0,945740678	2	0,816023395	0,691168686	2,700418534	6
ITA	ITA4	ITAopen4	open	54	57	0,658662308	0,93754261	6	0,426742899	0,809157873	2,446488275	6
ITA	ITA6	ITAclosed6	closed	54	57	0,66935252	0,945690548	6	0,652487192	1,08238089	3,900209527	14
ITA	ITA6	ITAopen6	open	54	57	0,634898435	0,868906657	5	0,478524108	0,803784725	2,497216666	14
ITA	ITA8	ITAclosed8	closed	54	57	0,669311678	0,945713858	1	NA	NA	NA	12
ITA	ITA8	ITAopen8	open	54	57	0,634898248	0,868905259	7	0,575854978	1,045380606	3,517424285	12
ITA	ITA1	ITAclosed1	closed	60	61	0,6157618	0,87558322	2	0,816023395	0,691168686	2,700418534	20
ITA	ITA1	ITAopen1	open	60	61	0,658661811	0,937547504	3	0,755976311	0,843149336	3,179021609	20
ITA	ITA10	ITAclosed10	closed	60	61	0,669313843	0,945675535	1	NA	NA	NA	5
ITA	ITA10	ITAopen10	open	60	61	0,658661786	0,937551231	1	NA	NA	NA	5
ITA	ITA12	ITAclosed12	closed	60	61	0,615761833	0,875620559	3	0,755976311	0,843149336	3,179021609	21
ITA	ITA12	ITAopen12	open	60	61	NA	NA	0	NA	NA	NA	21
ITA	ITA14	ITAclosed14	closed	60	61	NA	NA	0	NA	NA	NA	5
ITA	ITA14	ITAopen14	open	60	61	NA	NA	0	NA	NA	NA	5
ITA	ITA15	ITAclosed15	closed	60	61	0,669314811	0,945675535	6	0,624260812	1,010425499	3,556878195	8
ITA	ITA15	ITAopen15	open	60	61	0,65865947	0,937528494	5	0,657365571	0,997804993	3,542680089	8
ITA	ITA2	ITAclosed2	closed	60	61	0,669314818	0,945675535	1	NA	NA	NA	11
ITA	ITA2	ITAopen2	open	60	61	0,658661717	0,937534094	2	0,816023395	0,691168686	2,700418534	11
ITA	ITA4	ITAclosed4	closed	60	61	0,669315175	0,945773697	2	0,816023395	0,691168686	2,700418534	6
ITA	ITA4	ITAopen4	open	60	61	0,658661786	0,937551231	28	0,1608708	0,817532152	2,186609577	6
ITA	ITA6	ITAclosed6	closed	60	61	0,669313456	0,945716748	7	0,622742873	1,098572259	3,908605157	14
ITA	ITA6	ITAopen6	open	60	61	0,63489823	0,868903265	5	0,478524108	0,803784725	2,497216666	14
ITA	ITA8	ITAclosed8	closed	60	61	0,669313432	0,945680722	1	NA	NA	NA	12
ITA	ITA8	ITAopen8	open	60	61	0,63489724	0,868907439	7	0,575854978	1,045380606	3,517424285	12
ITA	ITA1	ITAclosed1	closed	66	69	0,615762126	0,875590025	2	0,816023395	0,691168686	2,700418534	20
ITA	ITA1	ITAopen1	open	66	69	0,652042657	0,93224605	3	0,755976311	0,843149336	3,179021609	20
ITA	ITA10	ITAclosed10	closed	66	69	0,669313799	0,945701849	1	NA	NA	NA	5
ITA	ITA10	ITAopen10	open	66	69	NA	NA	0	NA	NA	NA	5
ITA	ITA12	ITAclosed12	closed	66	69	0,615762126	0,875590042	3	0,755976311	0,843149336	3,179021609	21
ITA	ITA12	ITAopen12	open	66	69	NA	NA	0	NA	NA	NA	21
ITA	ITA14	ITAclosed14	closed	66	69	NA	NA	0	NA	NA	NA	5
ITA	ITA14	ITAopen14	open	66	69	NA	NA	0	NA	NA	NA	5
ITA	ITA15	ITAclosed15	closed	66	69	0,669313799	0,945705693	6	0,624260812	1,010425499	3,556878195	8
ITA	ITA15	ITAopen15	open	66	69	0,65210994	0,93225272	2	0,816023395	0,691168686	2,700418534	8
ITA	ITA2	ITAclosed2	closed	66	69	0,669313799	0,945705164	1	NA	NA	NA	11
ITA	ITA2	ITAopen2	open	66	69	0,652019949	0,932251759	2	0,816023395	0,691168686	2,700418534	11
ITA	ITA4	ITAclosed4	closed	66	69	0,669315348	0,945698507	2	0,816023395	0,691168686	2,700418534	6
ITA	ITA4	ITAopen4	open	66	69	0,652192964	0,932270374	27	0,164740781	0,817303686	2,19005462	6
ITA	ITA6	ITAclosed6	closed	66	69	0,669314419	0,945707304	7	0,622742873	1,098572259	3,908605157	14
ITA	ITA6	ITAopen6	open	66	69	0,619557818	0,838195754	5	0,478524108	0,803784725	2,497216666	14
ITA	ITA8	ITAclosed8	closed	66	69	0,66931375	0,945702912	1	NA	NA	NA	12
ITA	ITA8	ITAopen8	open	66	69	0,619613477	0,83817923	6	0,58936851	1,038600945	3,454510647	12
ITA	ITA1	ITAclosed1	closed	72	74	0,615762137	0,875590027	2	0,816023395	0,691168686	2,700418534	20
ITA	ITA1	ITAopen1	open	72	74	0,661184747	0,945838476	3	0,755976311	0,843149336	3,179021609	20
ITA	ITA10	ITAclosed10	closed	72	74	0,669313845	0,945703417	1	NA	NA	NA	5
ITA	ITA10	ITAopen10	open	72	74	NA	NA	0	NA	NA	NA	5
ITA	ITA12	ITAclosed12	closed	72	74	0,615762137	0,875590028	3	0,755976311	0,843149336	3,179021609	21
ITA	ITA12	ITAopen12	open	72	74	NA	NA	0	NA	NA	NA	21
ITA	ITA14	ITAclosed14	closed	72	74	NA	NA	0	NA	NA	NA	5
ITA	ITA14	ITAopen14	open	72	74	NA	NA	0	NA	NA	NA	5
ITA	ITA15	ITAclosed15	closed	72	74	0,669314034	0,945703812	6	0,624260812	1,010425499	3,556878195	8
ITA	ITA15	ITAopen15	open	72	74	0,613910869	0,871278441	2	0,816023395	0,691168686	2,700418534	8
ITA	ITA2	ITAclosed2	closed	72	74	0,6693143	0,945703438	1	NA	NA	NA	11
ITA	ITA2	ITAopen2	open	72	74	0,661258234	0,94583837	2	0,816023395	0,691168686	2,700418534	11
ITA	ITA4	ITAclosed4	closed	72	74	0,669314593	0,945703368	1	NA	NA	NA	6
ITA	ITA4	ITAopen4	open	72	74	0,661202693	0,94583837	4	0,550978757	0,790633752	2,563169777	6
ITA	ITA6	ITAclosed6	closed	72	74	0,669313846	0,945703829	7	0,622742873	1,098572259	3,908605157	14
ITA	ITA6	ITAopen6	open	72	74	0,584329211	0,786155923	6	0,51204312	0,9457461	2,945363865	14
ITA	ITA8	ITAclosed8	closed	72	74	0,669314274	0,945703578	1	NA	NA	NA	12
ITA	ITA8	ITAopen8	open	72	74	0,63100402	0,858675234	6	0,58936851	1,038600945	3,454510647	12
