Site	UnPlot	UniquePair	Treatment	Time	RealTime	jaccdist	eucdist	Abund	Estar	Hstar	Dstar	Adpalms
ITA	ITAclosed1	ITA1	closed	0	0	0,496038661	6,367441938	23	0,560092058	1,690746987	5,296858471	20
ITA	ITAopen1	ITA1	open	0	0	0,448740225	5,644609879	35	0,475288802	0,680423285	2,339009738	20
ITA	ITAclosed10	ITA10	closed	0	0	0,72882725	5,253825128	8	0,586987313	0,524874714	2,029931578	5
ITA	ITAopen10	ITA10	open	0	0	0,571528952	4,199346306	9	0,816023395	0,691168686	2,700418534	5
ITA	ITAclosed12	ITA12	closed	0	0	0,660007083	2,945154303	3	NA	NA	NA	21
ITA	ITAopen12	ITA12	open	0	0	0,604665451	4,66923129	12	0,716537372	0,996023003	3,456414214	21
ITA	ITAclosed14	ITA14	closed	0	0	0,58684595	2,789545472	13	0,784431715	1,081096936	3,719842244	5
ITA	ITAopen14	ITA14	open	0	0	0,560571869	4,178212798	11	NA	NA	NA	5
ITA	ITAclosed15	ITA15	closed	0	0	0,619516826	16,79118363	32	0,367177988	1,146991752	3,284144191	8
ITA	ITAopen15	ITA15	open	0	0	0,471415836	6,842008953	20	0,397560824	0,483554292	1,806788937	8
ITA	ITAclosed2	ITA2	closed	0	0	0,583547862	5,91432598	13	0,683605866	1,241162226	4,638365921	11
ITA	ITAopen2	ITA2	open	0	0	0,492121649	4,246305118	31	0,62850375	1,764480053	6,03012249	11
ITA	ITAclosed4	ITA4	closed	0	0	0,599433229	5,300321727	16	0,682469659	1,824154348	6,299358395	6
ITA	ITAopen4	ITA4	open	0	0	0,453459985	3,541051919	23	0,654268445	1,417235559	5,181815304	6
ITA	ITAclosed6	ITA6	closed	0	0	0,525544511	3,095167306	12	0,61298456	0,807442136	2,837287944	14
ITA	ITAopen6	ITA6	open	0	0	0,522049146	8,837162522	40	0,530426246	1,67453388	5,428929434	14
ITA	ITAclosed8	ITA8	closed	0	0	0,4999943	7,101256024	27	0,433203998	0,867352463	2,65701371	12
ITA	ITAopen8	ITA8	open	0	0	0,551575908	5,397452176	31	0,589223088	1,601269321	5,346865087	12
ITA	ITAclosed1	ITA1	closed	6	6	0,478858386	5,20196259	22	0,57785708	1,725320154	5,43523839	20
ITA	ITAopen1	ITA1	open	6	6	0,420442893	4,164543119	33	0,502511986	0,722508746	2,486409757	20
ITA	ITAclosed10	ITA10	closed	6	6	0,525073945	4,096283368	13	0,536732493	0,993826203	3,081579584	5
ITA	ITAopen10	ITA10	open	6	6	0,559626006	3,952075925	10	0,683570533	0,599262712	2,311619388	5
ITA	ITAclosed12	ITA12	closed	6	6	0,69389171	5,143453718	4	NA	NA	NA	21
ITA	ITAopen12	ITA12	open	6	6	0,572844408	4,455395294	12	0,654785895	1,048927437	3,411627202	21
ITA	ITAclosed14	ITA14	closed	6	6	0,718805562	22,74620047	34	0,287814033	0,381125503	1,553764717	5
ITA	ITAopen14	ITA14	open	6	6	0,636802122	5,816429231	17	0,71290124	1,565367505	5,283070218	5
ITA	ITAclosed15	ITA15	closed	6	6	0,580946576	14,48213915	34	0,392279656	1,20668089	3,528652417	8
ITA	ITAopen15	ITA15	open	6	6	0,474275767	6,392054027	21	0,440226127	0,612281327	2,130506764	8
ITA	ITAclosed2	ITA2	closed	6	6	0,603737758	10,10883161	22	0,612984083	1,461078161	5,415225751	11
ITA	ITAopen2	ITA2	open	6	6	0,44547911	4,49876716	34	0,592865264	1,59993609	5,464690265	11
ITA	ITAclosed4	ITA4	closed	6	6	0,630741197	7,628173259	23	0,626918362	1,932031125	6,670768746	6
ITA	ITAopen4	ITA4	open	6	6	0,496674285	4,9043575	29	0,644379577	1,861633227	6,852181027	6
ITA	ITAclosed6	ITA6	closed	6	6	0,506284993	3,361243067	17	0,615599448	1,003179653	3,553736923	14
ITA	ITAopen6	ITA6	open	6	6	0,518425558	8,766325939	41	0,530426246	1,67453388	5,428929434	14
ITA	ITAclosed8	ITA8	closed	6	6	0,472390435	6,207747109	31	0,456270899	0,968599657	2,98330618	12
ITA	ITAopen8	ITA8	open	6	6	0,536955271	5,209407586	31	0,589223088	1,601269321	5,346865087	12
ITA	ITAclosed1	ITA1	closed	12	12	0,458104664	5,126668681	26	0,571269899	1,843212799	6,037109386	20
ITA	ITAopen1	ITA1	open	12	12	0,446714672	3,98814558	33	0,573330638	0,908157126	3,185658593	20
ITA	ITAclosed10	ITA10	closed	12	12	0,540140747	4,390350286	12	0,536732493	0,993826203	3,081579584	5
ITA	ITAopen10	ITA10	open	12	12	0,555206202	3,387483832	9	0,683570533	0,599262712	2,311619388	5
ITA	ITAclosed12	ITA12	closed	12	12	0,648187427	5,353667789	6	0,816023395	0,691168686	2,700418534	21
ITA	ITAopen12	ITA12	open	12	12	0,614892033	4,770346986	11	0,716537372	0,996023003	3,456414214	21
ITA	ITAclosed14	ITA14	closed	12	12	0,712049803	28,58197904	42	0,27400345	0,366649744	1,524739429	5
ITA	ITAopen14	ITA14	open	12	12	0,651303188	5,389559329	14	0,832246707	1,271609457	5,063497369	5
ITA	ITAclosed15	ITA15	closed	12	12	0,587553652	16,11737429	38	0,395653208	1,164513133	3,487457365	8
ITA	ITAopen15	ITA15	open	12	12	0,510373884	8,0292746	24	0,457399249	0,699461367	2,372008715	8
ITA	ITAclosed2	ITA2	closed	12	12	0,614479699	11,21976866	25	0,613012391	1,50634233	5,692803712	11
ITA	ITAopen2	ITA2	open	12	12	0,456447491	5,988060549	40	0,551082735	1,373508638	4,62396729	11
ITA	ITAclosed4	ITA4	closed	12	12	0,641057146	7,959101584	27	0,649157157	2,431146905	8,620220154	6
ITA	ITAopen4	ITA4	open	12	12	0,517016153	5,523244095	27	0,609012594	1,966707836	6,659774131	6
ITA	ITAclosed6	ITA6	closed	12	12	0,510373813	5,037051884	22	0,5936861	1,271394388	4,494234061	14
ITA	ITAopen6	ITA6	open	12	12	0,558135727	7,140620884	36	0,609820958	1,750140568	6,024718381	14
ITA	ITAclosed8	ITA8	closed	12	12	0,463848075	6,143890753	31	0,400227039	0,883010045	2,636965724	12
ITA	ITAopen8	ITA8	open	12	12	0,557920969	6,022405026	30	0,568133626	1,634387884	5,322188442	12
ITA	ITAclosed1	ITA1	closed	18	18	0,447005535	5,370047475	29	0,547781604	1,858404546	5,998549839	20
ITA	ITAopen1	ITA1	open	18	18	0,485302515	2,735450394	24	0,742137614	1,416697892	5,856034723	20
ITA	ITAclosed10	ITA10	closed	18	18	0,523820975	4,685955428	13	0,584083574	1,171456537	3,72394962	5
ITA	ITAopen10	ITA10	open	18	18	0,646865653	4,19096269	5	NA	NA	NA	5
ITA	ITAclosed12	ITA12	closed	18	18	0,522417173	3,740220366	9	0,514019156	0,465345617	1,835820612	21
ITA	ITAopen12	ITA12	open	18	18	0,656614099	4,75501992	9	0,755976311	0,843149336	3,179021609	21
ITA	ITAclosed14	ITA14	closed	18	18	0,698689062	21,97641828	35	0,364624004	0,5059753	1,841446456	5
ITA	ITAopen14	ITA14	open	18	18	0,665279466	5,871192509	15	0,70490922	1,097446325	3,923138158	5
ITA	ITAclosed15	ITA15	closed	18	18	0,610814486	21,08640186	46	0,37261447	1,105235515	3,30848214	8
ITA	ITAopen15	ITA15	open	18	18	0,578084059	10,96982693	30	0,453449969	0,742651845	2,488033762	8
ITA	ITAclosed2	ITA2	closed	18	18	0,636320108	11,53082587	24	0,595814344	1,39062495	5,090608813	11
ITA	ITAopen2	ITA2	open	18	18	0,471537455	5,391406937	36	0,575973906	1,519758973	5,101536193	11
ITA	ITAclosed4	ITA4	closed	18	18	0,619949137	7,355744596	27	0,645577157	2,509913743	8,728709693	6
ITA	ITAopen4	ITA4	open	18	18	0,534227902	4,494962494	22	0,623550139	1,689449424	5,54962553	6
ITA	ITAclosed6	ITA6	closed	18	18	0,520704899	6,814215515	26	0,537666625	1,367442858	4,554235591	14
ITA	ITAopen6	ITA6	open	18	18	0,56745398	8,272942881	32	0,576933468	1,73588173	5,828940733	14
ITA	ITAclosed8	ITA8	closed	18	18	0,451766697	5,632351734	31	0,400227039	0,883010045	2,636965724	12
ITA	ITAopen8	ITA8	open	18	18	0,565794036	6,329103411	30	0,568133626	1,634387884	5,322188442	12
ITA	ITAclosed1	ITA1	closed	24	24	0,418397256	5,335491661	29	0,538215255	1,788834375	5,800190226	20
ITA	ITAopen1	ITA1	open	24	24	0,491782813	2,211564033	18	0,814749335	1,496789524	6,300587994	20
ITA	ITAclosed10	ITA10	closed	24	24	0,522384449	4,711223429	14	0,556787257	1,115962778	3,538227502	5
ITA	ITAopen10	ITA10	open	24	24	0,551651085	2,347143887	5	0,816023395	0,691168686	2,700418534	5
ITA	ITAclosed12	ITA12	closed	24	24	0,547741011	4,386753054	9	0,514019156	0,465345617	1,835820612	21
ITA	ITAopen12	ITA12	open	24	24	0,731651719	4,70589732	8	0,683570533	0,599262712	2,311619388	21
ITA	ITAclosed14	ITA14	closed	24	24	0,681445531	10,72085866	21	0,557988369	0,709033734	2,590598103	5
ITA	ITAopen14	ITA14	open	24	24	0,48129141	2,297065912	16	0,725436516	1,334992087	4,525552476	5
ITA	ITAclosed15	ITA15	closed	24	24	0,599072537	21,09520949	48	0,379260206	1,170849334	3,522028137	8
ITA	ITAopen15	ITA15	open	24	24	0,598031483	10,01742179	27	0,490481891	0,814852732	2,74571978	8
ITA	ITAclosed2	ITA2	closed	24	24	0,636849837	11,00591071	22	0,59478394	1,335753061	4,803178296	11
ITA	ITAopen2	ITA2	open	24	24	0,550159815	3,570817323	26	0,752719992	1,839370745	6,440629141	11
ITA	ITAclosed4	ITA4	closed	24	24	0,538365833	7,202291811	34	0,589110625	2,200898401	8,095824708	6
ITA	ITAopen4	ITA4	open	24	24	0,528379647	6,052182252	23	0,537340556	1,459867957	4,517883709	6
ITA	ITAclosed6	ITA6	closed	24	24	0,512072351	7,445879342	29	0,52929251	1,478511241	4,932917693	14
ITA	ITAopen6	ITA6	open	24	24	0,557969416	8,208432615	29	0,524631038	1,393684033	4,339288359	14
ITA	ITAclosed8	ITA8	closed	24	24	0,408303706	4,421142588	29	0,420863979	0,826839775	2,556748037	12
ITA	ITAopen8	ITA8	open	24	24	0,588914994	5,822962907	28	0,603442038	1,685524422	5,58603407	12
ITA	ITAclosed1	ITA1	closed	30	30	0,418584469	4,979106343	31	0,556861848	1,918227212	6,413940535	20
ITA	ITAopen1	ITA1	open	30	30	0,496412119	2,051496698	21	0,848019828	1,814695248	8,230195766	20
ITA	ITAclosed10	ITA10	closed	30	30	0,487409887	4,627783127	16	0,569663838	1,210289731	3,944430076	5
ITA	ITAopen10	ITA10	open	30	30	0,585144124	2,855520495	5	0,816023395	0,691168686	2,700418534	5
ITA	ITAclosed12	ITA12	closed	30	30	0,558525948	5,291628643	8	0,514019156	0,465345617	1,835820612	21
ITA	ITAopen12	ITA12	open	30	30	0,72231467	5,002660008	8	0,683570533	0,599262712	2,311619388	21
ITA	ITAclosed14	ITA14	closed	30	30	0,628549374	10,57258445	22	0,566212139	0,774211487	2,809753834	5
ITA	ITAopen14	ITA14	open	30	30	0,480536823	4,045445294	21	0,586921174	1,260266665	4,013210745	5
ITA	ITAclosed15	ITA15	closed	30	30	0,589906807	25,92154789	55	0,348355496	1,075871492	3,191804286	8
ITA	ITAopen15	ITA15	open	30	30	0,564331716	9,537002491	28	0,490481891	0,814852732	2,74571978	8
ITA	ITAclosed2	ITA2	closed	30	30	0,606658444	11,06643146	25	0,601091394	1,602774556	5,869223071	11
ITA	ITAopen2	ITA2	open	30	30	0,566478728	3,444618994	27	0,822834069	1,843585033	6,588488194	11
ITA	ITAclosed4	ITA4	closed	30	30	0,56139804	15,51093032	47	0,500420498	1,364391197	4,79455093	6
ITA	ITAopen4	ITA4	open	30	30	0,514036771	7,657910876	27	0,519127903	1,523101339	4,777944367	6
ITA	ITAclosed6	ITA6	closed	30	30	0,516888127	6,809744977	29	0,539259688	1,426960601	4,902817492	14
ITA	ITAopen6	ITA6	open	30	30	0,57099743	12,28553086	36	0,369745559	1,101028845	3,11579582	14
ITA	ITAclosed8	ITA8	closed	30	30	0,449705034	4,081089109	29	0,471245353	1,01402147	3,114475909	12
ITA	ITAopen8	ITA8	open	30	30	0,591151591	4,90709442	27	0,646894537	1,741694793	5,744418459	12
ITA	ITAclosed1	ITA1	closed	36	37	0,423468296	5,194347794	31	0,556861848	1,918227212	6,413940535	20
ITA	ITAopen1	ITA1	open	36	37	0,466747288	2,020582391	25	0,848019828	1,814695248	8,230195766	20
ITA	ITAclosed10	ITA10	closed	36	37	0,470467385	4,225089546	18	0,475314477	0,892833546	2,849655893	5
ITA	ITAopen10	ITA10	open	36	37	0,580750651	2,694617869	7	0,816023395	0,691168686	2,700418534	5
ITA	ITAclosed12	ITA12	closed	36	37	0,564725373	6,017431671	9	0,514019156	0,465345617	1,835820612	21
ITA	ITAopen12	ITA12	open	36	37	0,728828065	4,989735881	8	0,683570533	0,599262712	2,311619388	21
ITA	ITAclosed14	ITA14	closed	36	37	0,622919995	13,57348416	31	0,4946665	0,705875578	2,481089319	5
ITA	ITAopen14	ITA14	open	36	37	0,433687291	1,675391655	20	0,70490922	1,097446325	3,923138158	5
ITA	ITAclosed15	ITA15	closed	36	37	0,557418141	22,58987438	55	0,384153648	1,07127787	3,297647024	8
ITA	ITAopen15	ITA15	open	36	37	0,578210894	8,697510698	29	0,478018686	0,73650588	2,496839657	8
ITA	ITAclosed2	ITA2	closed	36	37	0,58509868	11,065378	28	0,559342693	1,612313212	5,532316997	11
ITA	ITAopen2	ITA2	open	36	37	0,521838197	3,195475704	33	0,740329778	1,749987456	6,142265373	11
ITA	ITAclosed4	ITA4	closed	36	37	0,550801455	20,26252126	53	0,448166276	1,104245921	3,654714698	6
ITA	ITAopen4	ITA4	open	36	37	0,551313081	8,745696659	32	0,545300477	1,684296159	5,657658626	6
ITA	ITAclosed6	ITA6	closed	36	37	0,501994703	6,378880849	37	0,518325116	1,388736417	4,627424504	14
ITA	ITAopen6	ITA6	open	36	37	0,580121034	9,370891928	32	0,450826592	1,276168095	3,733343741	14
ITA	ITAclosed8	ITA8	closed	36	37	0,458582309	4,6253849	30	0,487800606	1,060459162	3,251479346	12
ITA	ITAopen8	ITA8	open	36	37	0,589574757	5,639027662	29	0,623550139	1,689449424	5,54962553	12
ITA	ITAclosed1	ITA1	closed	42	43	0,442864442	5,472572963	33	0,579369242	2,115116239	7,100767208	20
ITA	ITAopen1	ITA1	open	42	43	0,486479833	2,427821392	29	0,822824202	1,956912941	8,405278626	20
ITA	ITAclosed10	ITA10	closed	42	43	0,469275203	4,281578265	19	0,526761643	1,084987896	3,509520939	5
ITA	ITAopen10	ITA10	open	42	43	0,633202769	3,004318715	8	NA	NA	NA	5
ITA	ITAclosed12	ITA12	closed	42	43	0,660468856	7,569196407	9	0,716537372	0,996023003	3,456414214	21
ITA	ITAopen12	ITA12	open	42	43	0,711753028	4,523017193	9	0,755976311	0,843149336	3,179021609	21
ITA	ITAclosed14	ITA14	closed	42	43	0,613445326	14,27177779	34	0,481439692	0,67752901	2,384863538	5
ITA	ITAopen14	ITA14	open	42	43	0,52483862	2,180789899	18	0,822261123	1,316987326	4,65405374	5
ITA	ITAclosed15	ITA15	closed	42	43	0,572696399	26,21328105	61	0,373999881	1,123409775	3,426253957	8
ITA	ITAopen15	ITA15	open	42	43	0,606549121	9,489010418	30	0,540766208	0,972641346	3,354412977	8
ITA	ITAclosed2	ITA2	closed	42	43	0,577572015	11,56300727	32	0,549371025	1,546077107	5,301601892	11
ITA	ITAopen2	ITA2	open	42	43	0,521637562	3,052979913	33	0,740329778	1,749987456	6,142265373	11
ITA	ITAclosed4	ITA4	closed	42	43	0,547494772	19,8609791	56	0,446836464	1,047834668	3,459749461	6
ITA	ITAopen4	ITA4	open	42	43	0,541015787	7,111596091	28	0,571269899	1,843212799	6,037109386	6
ITA	ITAclosed6	ITA6	closed	42	43	0,521467254	7,314244355	42	0,521763532	1,57211788	5,224511193	14
ITA	ITAopen6	ITA6	open	42	43	0,58562467	10,35009218	34	0,443872748	1,230562606	3,626615798	14
ITA	ITAclosed8	ITA8	closed	42	43	0,452387204	4,193728782	30	0,433203998	0,867352463	2,65701371	12
ITA	ITAopen8	ITA8	open	42	43	0,588184511	5,562205789	31	0,623550139	1,689449424	5,54962553	12
ITA	ITAclosed1	ITA1	closed	48	50	0,427309535	4,537006471	31	0,595539185	2,03758516	6,899888608	20
ITA	ITAopen1	ITA1	open	48	50	0,473081375	3,14601177	27	0,785684952	1,804481599	7,732329262	20
ITA	ITAclosed10	ITA10	closed	48	50	0,474090074	4,014246451	18	0,547235835	1,145618271	3,718959539	5
ITA	ITAopen10	ITA10	open	48	50	0,700204293	3,570927355	5	NA	NA	NA	5
ITA	ITAclosed12	ITA12	closed	48	50	0,638629096	6,209694566	8	0,755976311	0,843149336	3,179021609	21
ITA	ITAopen12	ITA12	open	48	50	0,633763343	3,309723863	8	0,683570533	0,599262712	2,311619388	21
ITA	ITAclosed14	ITA14	closed	48	50	0,597025589	7,837233875	27	0,626784693	0,91578177	3,369541841	5
ITA	ITAopen14	ITA14	open	48	50	0,585039543	2,674167008	13	NA	NA	NA	5
ITA	ITAclosed15	ITA15	closed	48	50	0,586449436	25,48823102	61	0,382004274	1,165268027	3,565802709	8
ITA	ITAopen15	ITA15	open	48	50	0,593796844	6,951205967	24	0,58566084	1,012396784	3,564255995	8
ITA	ITAclosed2	ITA2	closed	48	50	0,588739362	11,65657081	34	0,559322448	1,552882193	5,414514032	11
ITA	ITAopen2	ITA2	open	48	50	0,554611951	3,77844964	32	0,704517491	1,795955757	6,072400633	11
ITA	ITAclosed4	ITA4	closed	48	50	0,539605732	17,05509867	51	0,478057153	1,1493276	3,902615437	6
ITA	ITAopen4	ITA4	open	48	50	0,58530586	6,120386865	22	0,642343264	1,922874119	6,550923329	6
ITA	ITAclosed6	ITA6	closed	48	50	0,537243108	7,569200818	44	0,533157203	1,621182649	5,41963685	14
ITA	ITAopen6	ITA6	open	48	50	0,575979305	10,28400358	32	0,443872748	1,230562606	3,626615798	14
ITA	ITAclosed8	ITA8	closed	48	50	0,445459663	3,458975341	28	0,473080886	0,841225539	2,667160758	12
ITA	ITAopen8	ITA8	open	48	50	0,572608118	5,878851847	31	0,600451615	1,673800541	5,420099568	12
ITA	ITAclosed1	ITA1	closed	54	57	0,486569672	6,258427348	33	0,607370343	2,131533969	7,283997322	20
ITA	ITAopen1	ITA1	open	54	57	0,467845306	4,35623039	29	0,689299779	1,47422094	5,942180066	20
ITA	ITAclosed10	ITA10	closed	54	57	0,467956554	4,33293949	22	0,490432622	0,977607708	3,144758072	5
ITA	ITAopen10	ITA10	open	54	57	0,645332076	4,234608755	5	NA	NA	NA	5
ITA	ITAclosed12	ITA12	closed	54	57	0,652133637	7,976968892	9	0,755976311	0,843149336	3,179021609	21
ITA	ITAopen12	ITA12	open	54	57	0,632914935	4,443629839	9	0,683570533	0,599262712	2,311619388	21
ITA	ITAclosed14	ITA14	closed	54	57	0,743310399	84,26280078	105	0,120143806	0,13439229	1,153722544	5
ITA	ITAopen14	ITA14	open	54	57	0,705918631	34,57392592	47	0,177616544	0,220702735	1,273024549	5
ITA	ITAclosed15	ITA15	closed	54	57	0,552734313	24,66430645	62	0,377953782	1,144013758	3,494627915	8
ITA	ITAopen15	ITA15	open	54	57	0,534995758	5,625542793	23	0,552399519	0,875906314	3,019100588	8
ITA	ITAclosed2	ITA2	closed	54	57	0,627563998	14,54482098	36	0,551949602	1,350868413	4,767508907	11
ITA	ITAopen2	ITA2	open	54	57	0,526788313	4,97960538	37	0,603442038	1,685524422	5,58603407	11
ITA	ITAclosed4	ITA4	closed	54	57	0,512546503	18,09436566	55	0,458112595	1,065455944	3,557926643	6
ITA	ITAopen4	ITA4	open	54	57	0,62797094	6,576997978	20	0,642617555	1,675352386	5,706817506	6
ITA	ITAclosed6	ITA6	closed	54	57	0,526132232	7,62160082	48	0,511014317	1,523991925	5,035409987	14
ITA	ITAopen6	ITA6	open	54	57	0,540554905	10,24751594	35	0,414926793	1,269733407	3,630740467	14
ITA	ITAclosed8	ITA8	closed	54	57	0,454543372	3,513010814	27	0,456510609	0,792815622	2,539081765	12
ITA	ITAopen8	ITA8	open	54	57	0,603909434	5,757930511	31	0,619404432	1,76557127	5,80630381	12
ITA	ITAclosed1	ITA1	closed	60	61	0,478720053	7,029667645	34	0,59563231	2,056108084	7,061652382	20
ITA	ITAopen1	ITA1	open	60	61	0,461996109	2,685348576	28	0,698654229	1,43546913	5,691937043	20
ITA	ITAclosed10	ITA10	closed	60	61	0,449281735	6,833743276	28	0,380467425	0,641711622	2,133675175	5
ITA	ITAopen10	ITA10	open	60	61	0,607046556	4,393494706	7	0,816023395	0,691168686	2,700418534	5
ITA	ITAclosed12	ITA12	closed	60	61	0,676508426	9,9231865	9	0,755976311	0,843149336	3,179021609	21
ITA	ITAopen12	ITA12	open	60	61	0,643257007	5,354063082	9	0,683570533	0,599262712	2,311619388	21
ITA	ITAclosed14	ITA14	closed	60	61	0,764532689	92,03920398	112	0,094029748	0,104684844	1,116100195	5
ITA	ITAopen14	ITA14	open	60	61	0,690757283	34,58033184	48	0,208877135	0,269558775	1,349472555	5
ITA	ITAclosed15	ITA15	closed	60	61	0,518705952	23,7910114	65	0,379967693	1,15948548	3,557774233	8
ITA	ITAopen15	ITA15	open	60	61	0,515456934	4,015624676	22	0,58238867	0,935109717	3,262622985	8
ITA	ITAclosed2	ITA2	closed	60	61	0,573175738	13,99434124	40	0,503594106	1,609219446	5,295255146	11
ITA	ITAopen2	ITA2	open	60	61	0,523118565	7,977472289	42	0,530970657	1,174418246	3,961412995	11
ITA	ITAclosed4	ITA4	closed	60	61	0,49406894	20,04231676	61	0,433415078	0,971738076	3,190766956	6
ITA	ITAopen4	ITA4	open	60	61	0,689113054	26,96448668	43	0,379049102	0,701096685	2,299524229	6
ITA	ITAclosed6	ITA6	closed	60	61	0,534958052	7,454738836	53	0,507126388	1,70457199	5,645758361	14
ITA	ITAopen6	ITA6	open	60	61	0,525876231	9,358473228	31	0,412549487	1,286787635	3,657107641	14
ITA	ITAclosed8	ITA8	closed	60	61	0,445636563	4,064992346	29	0,44118293	0,748357049	2,421776796	12
ITA	ITAopen8	ITA8	open	60	61	0,602285434	5,833469067	31	0,619404432	1,76557127	5,80630381	12
ITA	ITAclosed1	ITA1	closed	66	69	0,436666903	5,795915161	44	0,56076246	1,964214155	6,664886433	20
ITA	ITAopen1	ITA1	open	66	69	0,453553747	3,94469728	29	0,667938382	1,347176473	5,211318701	20
ITA	ITAclosed10	ITA10	closed	66	69	0,43409685	5,669516959	28	0,403570244	0,698636773	2,286300518	5
ITA	ITAopen10	ITA10	open	66	69	0,432026883	1,85367035	5	0,446134916	0,276077149	1,424155622	5
ITA	ITAclosed12	ITA12	closed	66	69	0,683642901	9,455350912	11	0,755976311	0,843149336	3,179021609	21
ITA	ITAopen12	ITA12	open	66	69	0,521296775	2,849689248	11	0,6600139	0,754552201	2,644135772	21
ITA	ITAclosed14	ITA14	closed	66	69	0,755236025	42,79728415	61	0,183509743	0,210648623	1,260791358	5
ITA	ITAopen14	ITA14	open	66	69	0,723035222	17,17187195	28	0,315794231	0,401046315	1,599507708	5
ITA	ITAclosed15	ITA15	closed	66	69	0,535706038	22,44363156	63	0,387586353	1,20268782	3,703744469	8
ITA	ITAopen15	ITA15	open	66	69	0,449810614	1,995169411	15	0,457102373	0,417219483	1,698552457	8
ITA	ITAclosed2	ITA2	closed	66	69	0,550410133	12,49877441	39	0,489750193	1,600085679	5,071378277	11
ITA	ITAopen2	ITA2	open	66	69	0,527059502	6,765593611	42	0,559043758	1,291020394	4,402281034	11
ITA	ITAclosed4	ITA4	closed	66	69	0,462573188	13,86807316	42	0,378706685	0,66890518	2,216696482	6
ITA	ITAopen4	ITA4	open	66	69	0,743596527	26,0969629	37	0,312391198	0,485837522	1,759460168	6
ITA	ITAclosed6	ITA6	closed	66	69	0,548561262	8,563920076	54	0,499377133	1,902865696	6,119638502	14
ITA	ITAopen6	ITA6	open	66	69	0,520545646	6,760496755	30	0,468858754	1,357024408	3,927131522	14
ITA	ITAclosed8	ITA8	closed	66	69	0,416946347	3,766919839	27	0,44118293	0,748357049	2,421776796	12
ITA	ITAopen8	ITA8	open	66	69	0,549712306	3,627104199	24	0,724981151	1,557305273	5,608649845	12
ITA	ITAclosed1	ITA1	closed	72	74	0,36308226	4,494202164	48	0,547758575	1,67880867	5,837666555	20
ITA	ITAopen1	ITA1	open	72	74	0,488387066	5,786819622	29	0,635844498	1,167977189	4,381697184	20
ITA	ITAclosed10	ITA10	closed	72	74	0,412023411	4,316685433	25	0,443785638	0,804541975	2,58702376	5
ITA	ITAopen10	ITA10	open	72	74	0,408279893	1,071451076	5	0,446134916	0,276077149	1,424155622	5
ITA	ITAclosed12	ITA12	closed	72	74	0,693544388	9,423038769	11	0,755976311	0,843149336	3,179021609	21
ITA	ITAopen12	ITA12	open	72	74	0,484755863	1,9736798	11	0,6600139	0,754552201	2,644135772	21
ITA	ITAclosed14	ITA14	closed	72	74	0,747166675	20,1954358	37	0,349471485	0,423565745	1,663590435	5
ITA	ITAopen14	ITA14	open	72	74	0,732276028	5,525223367	14	0,669147733	0,749134993	2,759425659	5
ITA	ITAclosed15	ITA15	closed	72	74	0,553891698	22,45150663	62	0,387586353	1,20268782	3,703744469	8
ITA	ITAopen15	ITA15	open	72	74	0,5019759	1,753729064	12	0,683570533	0,599262712	2,311619388	8
ITA	ITAclosed2	ITA2	closed	72	74	0,573766477	12,79014532	41	0,460091319	1,536951967	4,676658662	11
ITA	ITAopen2	ITA2	open	72	74	0,52323988	5,843042381	41	0,612041669	1,347293406	4,791753764	11
ITA	ITAclosed4	ITA4	closed	72	74	0,493737055	12,91821167	47	0,462880579	1,061066268	3,520980097	6
ITA	ITAopen4	ITA4	open	72	74	0,665559923	4,50491657	13	0,790208549	1,420283328	5,230029146	6
ITA	ITAclosed6	ITA6	closed	72	74	0,515358117	7,958981785	54	0,515018486	1,756930209	5,829304604	14
ITA	ITAopen6	ITA6	open	72	74	0,544595477	6,390159917	30	0,530855248	1,54389303	4,659078131	14
ITA	ITAclosed8	ITA8	closed	72	74	0,385448871	3,16229114	30	0,426839819	0,707871046	2,315665645	12
ITA	ITAopen8	ITA8	open	72	74	0,586913541	3,487858544	20	0,737998399	1,450239696	5,069050889	12
