Site	UnPlot	UniquePair	Treatment	Time	RealTime	jaccdist	Heucdist	Abund	Estar	Hstar	Dstar	Adpalms
VGM	VGMclosed1	VGM1	closed	0	0	0,619494577	0,722002082	12	0,608484737	0,668649437	2,411542305	9
VGM	VGMopen1	VGM1	open	0	0	0,647767157	0,764569397	8	0,816023395	0,691168686	2,700418534	9
VGM	VGMclosed10	VGM10	closed	0	0	0,523769156	0,719492207	38	0,600697981	2,673608813	9,852517765	5
VGM	VGMopen10	VGM10	open	0	0	0,493119709	0,61499046	21	0,755928936	1,541808808	5,396778355	5
VGM	VGMclosed11	VGM11	closed	0	0	0,465368417	0,599685004	42	0,494797566	1,312073431	4,012144142	7
VGM	VGMopen11	VGM11	open	0	0	0,641303622	0,462752896	107	0,200190586	0,380129784	1,51889826	7
VGM	VGMclosed12	VGM12	closed	0	0	0,541947432	0,764008735	32	0,649680994	1,627785222	6,150437835	26
VGM	VGMopen12	VGM12	open	0	0	0,631670793	0,8677906	28	0,669234879	1,727067411	6,554208287	26
VGM	VGMclosed14	VGM14	closed	0	0	0,524588545	0,691815691	55	0,482111788	1,666132216	5,377803435	25
VGM	VGMopen14	VGM14	open	0	0	0,571424434	0,503012342	55	0,331125289	0,593568757	1,997397511	25
VGM	VGMclosed15	VGM15	closed	0	0	0,657658223	0,765098141	21	0,755928936	1,541808808	5,396778355	23
VGM	VGMopen15	VGM15	open	0	0	0,597203131	0,77039194	17	0,769310725	1,425643305	4,732988952	23
VGM	VGMclosed4	VGM4	closed	0	0	0,490015878	0,625429573	69	0,519098179	2,389938289	8,021442831	0
VGM	VGMopen4	VGM4	open	0	0	0,558282147	0,721276221	50	0,587097777	1,278745107	4,699537843	0
VGM	VGMclosed5	VGM5	closed	0	0	0,513181253	0,696885679	76	0,632684557	1,766686236	7,204317002	8
VGM	VGMopen5	VGM5	open	0	0	0,583184725	0,792940753	29	0,766122446	2,397214711	9,523906703	8
VGM	VGMclosed6	VGM6	closed	0	0	0,559616627	0,721080134	46	0,78169416	2,303979175	9,99573524	7
VGM	VGMopen6	VGM6	open	0	0	0,587739349	0,505326223	79	0,387964728	0,837000056	2,702059919	7
VGM	VGMclosed7	VGM7	closed	0	0	0,540128695	0,700914635	49	0,546404831	2,655793863	9,100377194	0
VGM	VGMopen7	VGM7	open	0	0	0,511696558	0,584972829	39	0,458209712	0,987090876	2,927066682	0
VGM	VGMclosed8	VGM8	closed	0	0	0,505105365	0,652877425	36	0,735599905	2,014122919	8,788602448	4
VGM	VGMopen8	VGM8	open	0	0	0,482894095	0,611453823	38	0,723064844	1,871756255	7,137907816	4
VGM	VGMclosed9	VGM9	closed	0	0	0,448334451	0,576855872	113	0,568975853	1,595672262	5,695044106	17
VGM	VGMopen9	VGM9	open	0	0	0,543012342	0,636242977	31	0,450121771	1,031568538	3,078112702	17
VGM	VGMclosed1	VGM1	closed	6	6	0,653426191	0,767677786	9	0,6600139	0,754552201	2,644135772	9
VGM	VGMopen1	VGM1	open	6	6	0,713234472	0,932415336	9	0,683570533	0,599262712	2,311619388	9
VGM	VGMclosed10	VGM10	closed	6	6	0,577558529	0,770883614	38	0,612774499	2,709507294	10,05809795	5
VGM	VGMopen10	VGM10	open	6	6	0,555069804	0,681125479	23	0,790208549	1,420283328	5,230029146	5
VGM	VGMclosed11	VGM11	closed	6	6	0,460103805	0,578593452	47	0,538288802	1,596280602	5,234273846	7
VGM	VGMopen11	VGM11	open	6	6	0,619809363	0,491488685	110	0,215882186	0,462334555	1,663856047	7
VGM	VGMclosed12	VGM12	closed	6	6	0,555294681	0,78322535	33	0,649680994	1,627785222	6,150437835	26
VGM	VGMopen12	VGM12	open	6	6	0,633643321	0,852429971	28	0,669234879	1,727067411	6,554208287	26
VGM	VGMclosed14	VGM14	closed	6	6	0,537449743	0,725561964	52	0,511921055	1,724670139	5,752006502	25
VGM	VGMopen14	VGM14	open	6	6	0,55040825	0,527840731	59	0,339520958	0,687419276	2,21495213	25
VGM	VGMclosed15	VGM15	closed	6	6	0,653956586	0,798688711	24	0,740329778	1,749987456	6,142265373	23
VGM	VGMopen15	VGM15	open	6	6	0,630524926	0,822393597	17	0,760062193	1,740920028	5,742482312	23
VGM	VGMclosed4	VGM4	closed	6	6	0,489769333	0,613447855	70	0,519098179	2,389938289	8,021442831	0
VGM	VGMopen4	VGM4	open	6	6	0,583076504	0,76232088	50	0,587097777	1,278745107	4,699537843	0
VGM	VGMclosed5	VGM5	closed	6	6	0,516723995	0,68380115	72	0,631251498	1,796893402	7,450793029	8
VGM	VGMopen5	VGM5	open	6	6	0,599650164	0,796909717	36	0,741211217	2,457915579	9,447972263	8
VGM	VGMclosed6	VGM6	closed	6	6	0,578598019	0,739192925	44	0,805916048	2,486782432	10,56843379	7
VGM	VGMopen6	VGM6	open	6	6	0,55611202	0,513680537	72	0,402700525	0,882718441	2,86138534	7
VGM	VGMclosed7	VGM7	closed	6	6	0,530829961	0,670981632	57	0,521589288	2,677264325	8,99046007	0
VGM	VGMopen7	VGM7	open	6	6	0,512693177	0,571531815	42	0,420602225	0,974364865	2,840468155	0
VGM	VGMclosed8	VGM8	closed	6	6	0,536193862	0,667952877	38	0,758240535	2,147620084	9,391426144	4
VGM	VGMopen8	VGM8	open	6	6	0,494791966	0,589638332	36	0,697242302	1,754071889	6,690441911	4
VGM	VGMclosed9	VGM9	closed	6	6	0,458594328	0,560253347	124	0,558619391	1,693474191	6,054970048	17
VGM	VGMopen9	VGM9	open	6	6	0,53774659	0,617163283	37	0,480733535	1,281121377	3,899017818	17
VGM	VGMclosed1	VGM1	closed	12	12	0,69560134	0,822801322	7	0,72618352	0,825167336	2,824480462	9
VGM	VGMopen1	VGM1	open	12	12	0,689061009	0,854930976	9	NA	NA	NA	9
VGM	VGMclosed10	VGM10	closed	12	12	0,556707023	0,734238742	43	0,629986232	3,07739606	12,22062032	5
VGM	VGMopen10	VGM10	open	12	12	0,549435493	0,698217413	26	0,679732137	1,489359179	5,040454702	5
VGM	VGMclosed11	VGM11	closed	12	12	0,484675462	0,601073813	51	0,507580761	1,697064062	5,390754049	7
VGM	VGMopen11	VGM11	open	12	12	0,598683436	0,45235315	114	0,255275956	0,656393956	2,065259285	7
VGM	VGMclosed12	VGM12	closed	12	12	0,564302869	0,781381811	34	0,630932145	1,539674037	5,769142726	26
VGM	VGMopen12	VGM12	open	12	12	0,644020208	0,861593599	32	0,649680994	1,627785222	6,150437835	26
VGM	VGMclosed14	VGM14	closed	12	12	0,54473621	0,736308705	53	0,530470813	1,751409293	6,075533177	25
VGM	VGMopen14	VGM14	open	12	12	0,536583018	0,526962579	59	0,333906164	0,671955967	2,173687804	25
VGM	VGMclosed15	VGM15	closed	12	12	0,622319695	0,763632984	26	0,71057065	2,064575492	7,115247137	23
VGM	VGMopen15	VGM15	open	12	12	0,678083812	0,921306135	17	0,755928936	1,541808808	5,396778355	23
VGM	VGMclosed4	VGM4	closed	12	12	0,484859478	0,606498292	75	0,52074684	2,528083331	8,580153134	0
VGM	VGMopen4	VGM4	open	12	12	0,598923611	0,774247237	56	0,553401684	1,243110477	4,429748585	0
VGM	VGMclosed5	VGM5	closed	12	12	0,5253853	0,589806573	84	0,586991901	1,747183295	7,069551497	8
VGM	VGMopen5	VGM5	open	12	12	0,62869066	0,832174295	35	0,764388323	2,537714255	9,742629273	8
VGM	VGMclosed6	VGM6	closed	12	12	0,559823025	0,728924659	44	0,803714397	2,570477428	11,82163284	7
VGM	VGMopen6	VGM6	open	12	12	0,543613823	0,496860104	84	0,392440072	0,87466205	2,818699487	7
VGM	VGMclosed7	VGM7	closed	12	12	0,54190135	0,683084952	62	0,485098557	2,683590932	8,756306164	0
VGM	VGMopen7	VGM7	open	12	12	0,494923188	0,544247788	47	0,447165311	1,105205462	3,252157057	0
VGM	VGMclosed8	VGM8	closed	12	12	0,537796749	0,667995735	43	0,73643592	2,250383453	9,433546766	4
VGM	VGMopen8	VGM8	open	12	12	0,493279877	0,54918487	41	0,628873513	1,467275795	5,445948173	4
VGM	VGMclosed9	VGM9	closed	12	12	0,471584489	0,567503012	130	0,566662038	1,78759784	6,624284833	17
VGM	VGMopen9	VGM9	open	12	12	0,531039259	0,634940438	35	0,49543165	1,332322534	4,143925203	17
VGM	VGMclosed1	VGM1	closed	18	18	0,688072218	0,843537813	8	0,784431715	1,081096936	3,719842244	9
VGM	VGMopen1	VGM1	open	18	18	0,660982927	0,754076955	9	0,865616348	0,960128541	3,680679096	9
VGM	VGMclosed10	VGM10	closed	18	18	0,68634537	0,753201179	106	0,349092403	0,897890267	2,817323433	5
VGM	VGMopen10	VGM10	open	18	18	0,500617367	0,592502811	22	0,612401568	1,652910617	5,239757497	5
VGM	VGMclosed11	VGM11	closed	18	18	0,479909597	0,576512099	54	0,523346811	1,78855763	5,840468593	7
VGM	VGMopen11	VGM11	open	18	18	0,546090336	0,555394528	72	0,365108826	1,100806857	3,314384674	7
VGM	VGMclosed12	VGM12	closed	18	18	0,560519541	0,764371611	33	0,630932145	1,539674037	5,769142726	26
VGM	VGMopen12	VGM12	open	18	18	0,658333857	0,868197913	32	0,649680994	1,627785222	6,150437835	26
VGM	VGMclosed14	VGM14	closed	18	18	0,576691951	0,782564456	50	0,559234339	1,694842208	6,221610428	25
VGM	VGMopen14	VGM14	open	18	18	0,503133485	0,517582825	52	0,354316228	0,700164359	2,257407983	25
VGM	VGMclosed15	VGM15	closed	18	18	0,676	0,923735423	25	0,675217157	1,744722645	5,868616664	23
VGM	VGMopen15	VGM15	open	18	18	0,565971614	0,728940276	22	0,63017663	1,360359025	4,724309137	23
VGM	VGMclosed4	VGM4	closed	18	18	0,508733259	0,621806313	76	0,508061897	2,494772472	8,637519685	0
VGM	VGMopen4	VGM4	open	18	18	0,618382006	0,789240971	47	0,543513067	1,195971855	4,233907886	0
VGM	VGMclosed5	VGM5	closed	18	18	0,542712391	0,615731829	83	0,55775549	1,59861675	6,208031702	8
VGM	VGMopen5	VGM5	open	18	18	0,611643968	0,809863261	32	0,741211217	2,457915579	9,447972263	8
VGM	VGMclosed6	VGM6	closed	18	18	0,559329644	0,732463042	44	0,778524369	2,875198734	12,80920617	7
VGM	VGMopen6	VGM6	open	18	18	0,518074997	0,51097276	66	0,464054037	1,157163491	3,906130738	7
VGM	VGMclosed7	VGM7	closed	18	18	0,543030636	0,663191812	59	0,497355865	2,685701579	8,905840485	0
VGM	VGMopen7	VGM7	open	18	18	0,476626492	0,547687933	43	0,420602225	0,974364865	2,840468155	0
VGM	VGMclosed8	VGM8	closed	18	18	0,501845055	0,624595495	45	0,726958398	2,331444308	9,672525177	4
VGM	VGMopen8	VGM8	open	18	18	0,455945705	0,475504729	44	0,578226621	1,218852716	4,434513467	4
VGM	VGMclosed9	VGM9	closed	18	18	0,468916177	0,565925851	123	0,57405952	1,793616282	6,619753616	17
VGM	VGMopen9	VGM9	open	18	18	0,492244661	0,625095909	28	0,569785485	1,277881211	4,290384481	17
VGM	VGMclosed1	VGM1	closed	24	24	0,630098742	0,78216714	10	0,661387626	0,893204375	3,134115302	9
VGM	VGMopen1	VGM1	open	24	24	0,719650933	0,843255465	9	NA	NA	NA	9
VGM	VGMclosed10	VGM10	closed	24	24	0,700150484	0,772397257	105	0,343867235	0,872476267	2,733966753	5
VGM	VGMopen10	VGM10	open	24	24	0,560459559	0,655309177	23	0,612401568	1,652910617	5,239757497	5
VGM	VGMclosed11	VGM11	closed	24	24	0,464129143	0,553769921	54	0,49904614	1,803215496	5,744614869	7
VGM	VGMopen11	VGM11	open	24	24	0,510476621	0,571069378	57	0,434857796	1,56323544	4,858239954	7
VGM	VGMclosed12	VGM12	closed	24	24	0,532048275	0,737093484	34	0,612984083	1,461078161	5,415225751	26
VGM	VGMopen12	VGM12	open	24	24	0,667668622	0,862201877	31	0,649680994	1,627785222	6,150437835	26
VGM	VGMclosed14	VGM14	closed	24	24	0,61792162	0,823607915	47	0,565358866	1,567021724	5,763673475	25
VGM	VGMopen14	VGM14	open	24	24	0,484387206	0,554977426	44	0,428318089	0,878388088	2,829812689	25
VGM	VGMclosed15	VGM15	closed	24	24	0,68285594	0,9360991	25	0,675217157	1,744722645	5,868616664	23
VGM	VGMopen15	VGM15	open	24	24	0,558650161	0,728618158	22	0,602838497	1,209667049	4,14421832	23
VGM	VGMclosed4	VGM4	closed	24	24	0,509333757	0,630658439	80	0,507056456	2,660664438	9,240947419	0
VGM	VGMopen4	VGM4	open	24	24	0,663630653	0,823454802	45	0,523286329	1,179489666	4,032973665	0
VGM	VGMclosed5	VGM5	closed	24	24	0,548684183	0,621796394	82	0,546829752	1,520464684	5,749912249	8
VGM	VGMopen5	VGM5	open	24	24	0,528024869	0,719091712	37	0,666857966	1,982583328	7,791995667	8
VGM	VGMclosed6	VGM6	closed	24	24	0,508832256	0,68232356	49	0,707610347	2,696047491	11,97309265	7
VGM	VGMopen6	VGM6	open	24	24	0,507488971	0,516884941	64	0,499469145	1,361926463	4,810797162	7
VGM	VGMclosed7	VGM7	closed	24	24	0,552530815	0,677431951	58	0,50600023	2,643827958	8,872102512	0
VGM	VGMopen7	VGM7	open	24	24	0,427985224	0,505862851	41	0,424146298	0,94681564	2,795681347	0
VGM	VGMclosed8	VGM8	closed	24	24	0,528241333	0,639638499	43	0,744906727	2,479875011	10,14878271	4
VGM	VGMopen8	VGM8	open	24	24	0,438603184	0,498695372	42	0,590285608	1,194281164	4,369157908	4
VGM	VGMclosed9	VGM9	closed	24	24	0,43275834	0,543520432	113	0,582241692	1,660838882	5,976903918	17
VGM	VGMopen9	VGM9	open	24	24	0,48522447	0,64751512	27	0,546195847	1,334066635	4,334005215	17
VGM	VGMclosed1	VGM1	closed	30	30	0,631971714	0,795818211	12	0,661387626	0,893204375	3,134115302	9
VGM	VGMopen1	VGM1	open	30	30	0,692901758	0,714961147	8	NA	NA	NA	9
VGM	VGMclosed10	VGM10	closed	30	30	0,677771982	0,741890797	103	0,337394602	0,784769843	2,489750835	5
VGM	VGMopen10	VGM10	open	30	30	0,528785246	0,581284767	22	0,637271126	1,654835491	5,322170076	5
VGM	VGMclosed11	VGM11	closed	30	30	0,436863008	0,513190704	59	0,514920168	1,910796028	6,371215085	7
VGM	VGMopen11	VGM11	open	30	30	0,529100692	0,620548966	55	0,433259676	1,589050486	4,918559741	7
VGM	VGMclosed12	VGM12	closed	30	30	0,552797366	0,757077223	34	0,650975343	1,856513215	7,056617438	26
VGM	VGMopen12	VGM12	open	30	30	0,671104231	0,865693878	34	0,666829386	1,758265587	6,872037019	26
VGM	VGMclosed14	VGM14	closed	30	30	0,63821557	0,84366422	44	0,592821661	1,454811338	5,525429782	25
VGM	VGMopen14	VGM14	open	30	30	0,480639751	0,555873202	41	0,438364954	0,90774925	2,930722293	25
VGM	VGMclosed15	VGM15	closed	30	30	0,650806251	0,795263366	28	0,7001776	1,908233192	6,6840729	23
VGM	VGMopen15	VGM15	open	30	30	0,525442773	0,712553328	24	0,486786254	0,68798157	2,36999596	23
VGM	VGMclosed4	VGM4	closed	30	30	0,514438747	0,609760657	84	0,500995259	2,74131081	9,572798881	0
VGM	VGMopen4	VGM4	open	30	30	0,664605536	0,822808609	39	0,538557162	1,132220735	3,906332374	0
VGM	VGMclosed5	VGM5	closed	30	30	0,544160048	0,601135958	86	0,564038403	1,672226217	6,684432576	8
VGM	VGMopen5	VGM5	open	30	30	0,52795854	0,717670109	36	0,666857966	1,982583328	7,791995667	8
VGM	VGMclosed6	VGM6	closed	30	30	0,516119958	0,697542618	48	0,692076379	2,721061759	11,82330705	7
VGM	VGMopen6	VGM6	open	30	30	0,508904527	0,525525943	62	0,506178715	1,397960341	4,977587564	7
VGM	VGMclosed7	VGM7	closed	30	30	0,571777364	0,705663114	57	0,510440934	2,568225704	8,744935477	0
VGM	VGMopen7	VGM7	open	30	30	0,445226125	0,522228086	39	0,439432942	0,972226185	2,867935279	0
VGM	VGMclosed8	VGM8	closed	30	30	0,544053265	0,660260722	41	0,754850641	2,722412704	11,18862603	4
VGM	VGMopen8	VGM8	open	30	30	0,44235828	0,557818715	38	0,546125098	1,035290433	3,606784976	4
VGM	VGMclosed9	VGM9	closed	30	30	0,441847741	0,544944304	115	0,579362423	1,767736995	6,262650069	17
VGM	VGMopen9	VGM9	open	30	30	0,502469308	0,655654888	24	0,560366962	1,393304538	4,520859156	17
VGM	VGMclosed1	VGM1	closed	36	37	0,631253295	0,814870863	13	0,661387626	0,893204375	3,134115302	9
VGM	VGMopen1	VGM1	open	36	37	0,697981452	0,93607677	8	0,816023395	0,691168686	2,700418534	9
VGM	VGMclosed10	VGM10	closed	36	37	0,665725462	0,725274378	106	0,326258478	0,756072889	2,397114425	5
VGM	VGMopen10	VGM10	open	36	37	0,505030657	0,573438254	26	0,58495072	1,350868469	4,522539162	5
VGM	VGMclosed11	VGM11	closed	36	37	0,451338193	0,490314542	72	0,498136154	1,864496597	6,149383222	7
VGM	VGMopen11	VGM11	open	36	37	0,57002929	0,703042767	60	0,478602479	1,385242855	4,504092864	7
VGM	VGMclosed12	VGM12	closed	36	37	0,587847627	0,801457256	37	0,644051592	2,120931998	7,649526505	26
VGM	VGMopen12	VGM12	open	36	37	0,622042826	0,800070892	40	0,652013326	1,735137561	6,716771288	26
VGM	VGMclosed14	VGM14	closed	36	37	0,641280724	0,850663956	42	0,608829597	1,515477451	5,859830635	25
VGM	VGMopen14	VGM14	open	36	37	0,547741764	0,650030161	45	0,406036782	0,756815787	2,471606096	25
VGM	VGMclosed15	VGM15	closed	36	37	0,597076992	0,733059977	32	0,66006864	1,962344652	6,861425828	23
VGM	VGMopen15	VGM15	open	36	37	0,603136909	0,801033456	17	0,570240609	0,73672859	2,587989283	23
VGM	VGMclosed4	VGM4	closed	36	37	0,522683079	0,603957249	97	0,490035464	2,695838757	9,485252205	0
VGM	VGMopen4	VGM4	open	36	37	0,633520445	0,778450157	54	0,5406268	1,182929022	4,099275634	0
VGM	VGMclosed5	VGM5	closed	36	37	0,582985955	0,610891883	98	0,493950514	1,365467737	4,891762811	8
VGM	VGMopen5	VGM5	open	36	37	0,574451374	0,783936151	39	0,698585945	2,21926845	9,016032398	8
VGM	VGMclosed6	VGM6	closed	36	37	0,511939715	0,659899682	48	0,733075913	3,021563017	13,87093503	7
VGM	VGMopen6	VGM6	open	36	37	0,533095473	0,598437917	72	0,51047541	1,642540951	5,950440294	7
VGM	VGMclosed7	VGM7	closed	36	37	0,549689551	0,673284737	66	0,490435748	2,90742795	9,67139702	0
VGM	VGMopen7	VGM7	open	36	37	0,470282703	0,494542513	42	0,586921174	1,260266665	4,013210745	0
VGM	VGMclosed8	VGM8	closed	36	37	0,532776573	0,658873693	42	0,775865914	2,77570399	11,47946914	4
VGM	VGMopen8	VGM8	open	36	37	0,460954395	0,504505543	48	0,566134561	1,502869218	5,551629929	4
VGM	VGMclosed9	VGM9	closed	36	37	0,461660784	0,577139654	112	0,624366807	2,043132235	7,554354319	17
VGM	VGMopen9	VGM9	open	36	37	0,520814868	0,652750357	30	0,576326602	1,44866536	4,699640942	17
VGM	VGMclosed1	VGM1	closed	42	43	0,662969213	0,84046426	21	0,716537372	0,996023003	3,456414214	9
VGM	VGMopen1	VGM1	open	42	43	0,594640105	0,64617836	9	0,784431715	1,081096936	3,719842244	9
VGM	VGMclosed10	VGM10	closed	42	43	0,536830184	0,724676401	41	0,655248165	2,558988371	10,59376739	5
VGM	VGMopen10	VGM10	open	42	43	0,480257296	0,516989249	25	0,611618868	1,27072172	4,434611637	5
VGM	VGMclosed11	VGM11	closed	42	43	0,439183959	0,511409288	68	0,504192754	1,831054536	6,07248677	7
VGM	VGMopen11	VGM11	open	42	43	0,592391261	0,726582943	56	0,513503841	1,208918688	4,129462343	7
VGM	VGMclosed12	VGM12	closed	42	43	0,599348461	0,794429517	38	0,644051592	2,120931998	7,649526505	26
VGM	VGMopen12	VGM12	open	42	43	0,602891317	0,802985461	40	0,63785192	1,643447329	6,348084628	26
VGM	VGMclosed14	VGM14	closed	42	43	0,662160196	0,862809429	41	0,630228596	1,403418194	5,525650501	25
VGM	VGMopen14	VGM14	open	42	43	0,552864192	0,719470018	32	0,534519855	1,004870447	3,461040291	25
VGM	VGMclosed15	VGM15	closed	42	43	0,60345991	0,761530193	34	0,642343264	1,922874119	6,550923329	23
VGM	VGMopen15	VGM15	open	42	43	0,617645504	0,857719542	17	0,657365571	0,997804993	3,542680089	23
VGM	VGMclosed4	VGM4	closed	42	43	0,519557792	0,588142186	99	0,477789774	2,671851886	9,28993671	0
VGM	VGMopen4	VGM4	open	42	43	0,669675906	0,890619259	61	0,526356203	0,885493916	3,114608243	0
VGM	VGMclosed5	VGM5	closed	42	43	0,603187035	0,626235597	104	0,495817645	1,414310381	5,10557855	8
VGM	VGMopen5	VGM5	open	42	43	0,587496529	0,82884716	35	0,757369476	2,393286117	9,94902956	8
VGM	VGMclosed6	VGM6	closed	42	43	0,541821221	0,701599888	48	0,746145088	2,749837475	12,76622038	7
VGM	VGMopen6	VGM6	open	42	43	0,554500792	0,547834412	73	0,528211111	1,934181628	7,196675723	7
VGM	VGMclosed7	VGM7	closed	42	43	0,540841164	0,672219504	58	0,505963352	2,967802838	9,887025943	0
VGM	VGMopen7	VGM7	open	42	43	0,524963121	0,567247648	37	0,656423474	1,098847583	3,873590259	0
VGM	VGMclosed8	VGM8	closed	42	43	0,534334373	0,661130924	44	0,775865914	2,77570399	11,47946914	4
VGM	VGMopen8	VGM8	open	42	43	0,473627987	0,530198587	45	0,602151689	1,539745178	5,925189392	4
VGM	VGMclosed9	VGM9	closed	42	43	0,483995735	0,628511107	117	0,662759809	1,961554088	7,665586578	17
VGM	VGMopen9	VGM9	open	42	43	0,481932192	0,620383105	33	0,604198545	1,524393946	5,106562094	17
VGM	VGMclosed1	VGM1	closed	48	50	0,685757627	0,882142466	14	0,784431715	1,081096936	3,719842244	9
VGM	VGMopen1	VGM1	open	48	50	0,608931127	0,80570799	10	0,72618352	0,825167336	2,824480462	9
VGM	VGMclosed10	VGM10	closed	48	50	0,490783771	0,657797631	43	0,630624085	2,709625517	10,90039644	5
VGM	VGMopen10	VGM10	open	48	50	0,531909023	0,58076662	24	0,58238867	0,935109717	3,262622985	5
VGM	VGMclosed11	VGM11	closed	48	50	0,443284036	0,54082478	66	0,536509016	1,840377274	6,305631019	7
VGM	VGMopen11	VGM11	open	48	50	0,605320874	0,738969352	52	0,50317012	1,023125122	3,456994147	7
VGM	VGMclosed12	VGM12	closed	48	50	0,611346801	0,826843212	40	0,624015814	2,152359936	7,710152659	26
VGM	VGMopen12	VGM12	open	48	50	0,593935115	0,795472336	41	0,633702149	1,599127038	6,069405139	26
VGM	VGMclosed14	VGM14	closed	48	50	0,704196778	0,976785764	35	0,628979456	1,271267268	4,886592458	25
VGM	VGMopen14	VGM14	open	48	50	0,595188843	0,784896417	25	0,621492373	1,17130359	4,228638775	25
VGM	VGMclosed15	VGM15	closed	48	50	0,61353291	0,762699866	34	0,649057316	1,842194977	6,296954866	23
VGM	VGMopen15	VGM15	open	48	50	0,724309335	1,009719235	12	0,865616348	0,960128541	3,680679096	23
VGM	VGMclosed4	VGM4	closed	48	50	0,527574975	0,588073776	100	0,474848156	2,576531397	8,833857694	0
VGM	VGMopen4	VGM4	open	48	50	0,644387578	0,830529906	66	0,477363583	0,84582591	2,837680839	0
VGM	VGMclosed5	VGM5	closed	48	50	0,601445385	0,660670027	100	0,542033465	1,599188213	6,219587022	8
VGM	VGMopen5	VGM5	open	48	50	0,614671223	0,850194103	35	0,757369476	2,393286117	9,94902956	8
VGM	VGMclosed6	VGM6	closed	48	50	0,543234345	0,707483762	48	0,760929932	2,909497776	13,33555801	7
VGM	VGMopen6	VGM6	open	48	50	0,581021234	0,582399434	79	0,49391549	1,896138071	6,607504173	7
VGM	VGMclosed7	VGM7	closed	48	50	0,548703185	0,676264928	53	0,527893034	2,963692787	10,03659694	0
VGM	VGMopen7	VGM7	open	48	50	0,465476696	0,508821697	33	0,685346613	1,26902637	4,460516626	0
VGM	VGMclosed8	VGM8	closed	48	50	0,546929618	0,678699008	41	0,796392982	2,909476781	11,84808993	4
VGM	VGMopen8	VGM8	open	48	50	0,512823024	0,57582816	43	0,602151689	1,539745178	5,925189392	4
VGM	VGMclosed9	VGM9	closed	48	50	0,49758044	0,642222068	113	0,68265582	1,883810458	7,618563167	17
VGM	VGMopen9	VGM9	open	48	50	0,526097001	0,682170735	29	0,68370559	1,39513765	5,164814773	17
VGM	VGMclosed1	VGM1	closed	54	57	0,646332958	0,730407358	15	0,784431715	1,081096936	3,719842244	9
VGM	VGMopen1	VGM1	open	54	57	0,634477986	0,837487688	9	0,72618352	0,825167336	2,824480462	9
VGM	VGMclosed10	VGM10	closed	54	57	0,499965273	0,646826104	42	0,617818954	2,61872475	10,20251656	5
VGM	VGMopen10	VGM10	open	54	57	0,531754873	0,589710439	24	0,58238867	0,935109717	3,262622985	5
VGM	VGMclosed11	VGM11	closed	54	57	0,465486716	0,559841423	62	0,533247559	1,592133418	5,337872728	7
VGM	VGMopen11	VGM11	open	54	57	0,620185241	0,75937811	48	0,460830926	0,832680197	2,738561714	7
VGM	VGMclosed12	VGM12	closed	54	57	0,607726993	0,838572137	40	0,624015814	2,152359936	7,710152659	26
VGM	VGMopen12	VGM12	open	54	57	0,602112974	0,816735446	42	0,606560215	1,549216601	5,619039501	26
VGM	VGMclosed14	VGM14	closed	54	57	0,69613282	0,972084392	36	0,654541509	1,336658201	5,288019019	25
VGM	VGMopen14	VGM14	open	54	57	0,571101733	0,740257617	27	0,522368749	0,859918681	2,93470619	25
VGM	VGMclosed15	VGM15	closed	54	57	0,62089409	0,789090912	38	0,594304567	1,529301063	4,833537977	23
VGM	VGMopen15	VGM15	open	54	57	0,721044616	0,998967685	12	0,865616348	0,960128541	3,680679096	23
VGM	VGMclosed4	VGM4	closed	54	57	0,530494731	0,587669909	97	0,478651373	2,610802229	8,950342898	0
VGM	VGMopen4	VGM4	open	54	57	0,641303735	0,828828505	69	0,477363583	0,84582591	2,837680839	0
VGM	VGMclosed5	VGM5	closed	54	57	0,596499013	0,674368771	87	0,582708284	1,826129993	7,560868182	8
VGM	VGMopen5	VGM5	open	54	57	0,604093251	0,836251149	34	0,757369476	2,393286117	9,94902956	8
VGM	VGMclosed6	VGM6	closed	54	57	0,522525476	0,691194598	51	0,752025113	2,861639605	12,94545484	7
VGM	VGMopen6	VGM6	open	54	57	0,567414788	0,589040522	79	0,49946504	1,944200165	6,798187464	7
VGM	VGMclosed7	VGM7	closed	54	57	0,55833696	0,70961515	55	0,554722483	2,881812947	10,05965971	0
VGM	VGMopen7	VGM7	open	54	57	0,477371503	0,492143938	36	0,64744025	1,300742669	4,260921391	0
VGM	VGMclosed8	VGM8	closed	54	57	0,56152081	0,691872387	43	0,815014519	2,813278885	11,75348924	4
VGM	VGMopen8	VGM8	open	54	57	0,508371772	0,569916315	49	0,602063346	1,578341215	6,170923765	4
VGM	VGMclosed9	VGM9	closed	54	57	0,523216024	0,662810818	108	0,721639574	1,887837033	7,965018864	17
VGM	VGMopen9	VGM9	open	54	57	0,555507908	0,698708282	29	0,680371468	1,360485304	4,913863651	17
VGM	VGMclosed1	VGM1	closed	60	61	0,607989709	0,700313982	15	0,716537372	0,996023003	3,456414214	9
VGM	VGMopen1	VGM1	open	60	61	0,61696533	0,817414472	10	0,6600139	0,754552201	2,644135772	9
VGM	VGMclosed10	VGM10	closed	60	61	0,491036967	0,619217427	48	0,583820141	2,709953195	10,21660167	5
VGM	VGMopen10	VGM10	open	60	61	0,531158216	0,602791947	26	0,569787961	1,052638657	3,552923179	5
VGM	VGMclosed11	VGM11	closed	60	61	0,466743964	0,567684151	62	0,549371025	1,546077107	5,301601892	7
VGM	VGMopen11	VGM11	open	60	61	0,621188907	0,755502488	50	0,44589186	0,798056375	2,620595604	7
VGM	VGMclosed12	VGM12	closed	60	61	0,60775091	0,843615828	43	0,640002678	2,187989274	7,90336312	26
VGM	VGMopen12	VGM12	open	60	61	0,599968689	0,815146839	42	0,606560215	1,549216601	5,619039501	26
VGM	VGMclosed14	VGM14	closed	60	61	0,702145226	0,981952629	37	0,654541509	1,336658201	5,288019019	25
VGM	VGMopen14	VGM14	open	60	61	0,591373865	0,768026715	24	0,525237119	0,823856444	2,814924077	25
VGM	VGMclosed15	VGM15	closed	60	61	0,590379991	0,745651676	40	0,59479242	1,59652553	5,089876495	23
VGM	VGMopen15	VGM15	open	60	61	0,68538057	0,947362104	16	0,784431715	1,081096936	3,719842244	23
VGM	VGMclosed4	VGM4	closed	60	61	0,524782359	0,568919646	95	0,50197448	2,51044332	8,897793868	0
VGM	VGMopen4	VGM4	open	60	61	0,631111191	0,82345207	69	0,475417284	0,947119099	3,105116023	0
VGM	VGMclosed5	VGM5	closed	60	61	0,597013291	0,656204921	89	0,559898363	1,87695605	7,452544152	8
VGM	VGMopen5	VGM5	open	60	61	0,609008721	0,843318726	34	0,757369476	2,393286117	9,94902956	8
VGM	VGMclosed6	VGM6	closed	60	61	0,53279079	0,707685244	49	0,770778748	2,829134038	13,14072075	7
VGM	VGMopen6	VGM6	open	60	61	0,588370821	0,598697836	77	0,47475059	1,830824651	6,168861245	7
VGM	VGMclosed7	VGM7	closed	60	61	0,569544235	0,726713424	54	0,562796729	2,832721221	9,866710766	0
VGM	VGMopen7	VGM7	open	60	61	0,480112527	0,49691993	39	0,64744025	1,300742669	4,260921391	0
VGM	VGMclosed8	VGM8	closed	60	61	0,556837998	0,695783825	37	0,841360346	2,837825164	12,01387155	4
VGM	VGMopen8	VGM8	open	60	61	0,514419532	0,566173443	47	0,615873926	1,642588942	6,519314258	4
VGM	VGMclosed9	VGM9	closed	60	61	0,500997803	0,645632811	112	0,690902692	1,714180412	6,954998361	17
VGM	VGMopen9	VGM9	open	60	61	0,538394134	0,690396736	30	0,680371468	1,360485304	4,913863651	17
VGM	VGMclosed1	VGM1	closed	66	69	0,603612287	0,695232747	22	0,716537372	0,996023003	3,456414214	9
VGM	VGMopen1	VGM1	open	66	69	0,610886775	0,816895043	10	0,6600139	0,754552201	2,644135772	9
VGM	VGMclosed10	VGM10	closed	66	69	0,510167119	0,663152482	41	0,582168433	2,489779669	9,109553702	5
VGM	VGMopen10	VGM10	open	66	69	0,52679516	0,600752697	23	0,596530917	1,124143545	3,823076461	5
VGM	VGMclosed11	VGM11	closed	66	69	0,469145061	0,567355701	58	0,565953461	1,480884989	5,20665209	7
VGM	VGMopen11	VGM11	open	66	69	0,657218497	0,862061455	47	0,432384528	0,724643439	2,400212629	7
VGM	VGMclosed12	VGM12	closed	66	69	0,625222009	0,873451773	41	0,658322926	2,191619424	8,04496914	26
VGM	VGMopen12	VGM12	open	66	69	0,615133952	0,829970484	40	0,612644645	1,409035721	5,116516234	26
VGM	VGMclosed14	VGM14	closed	66	69	0,702403228	0,982618662	33	0,654541509	1,336658201	5,288019019	25
VGM	VGMopen14	VGM14	open	66	69	0,594042365	0,781692684	20	0,58238867	0,935109717	3,262622985	25
VGM	VGMclosed15	VGM15	closed	66	69	0,594271828	0,751360622	50	0,571222199	1,518809233	4,735170669	23
VGM	VGMopen15	VGM15	open	66	69	0,684392857	0,94665731	20	0,784431715	1,081096936	3,719842244	23
VGM	VGMclosed4	VGM4	closed	66	69	0,552611331	0,598213333	94	0,483190439	2,301682101	7,878469198	0
VGM	VGMopen4	VGM4	open	66	69	0,625574387	0,81202293	64	0,502513296	0,901414	3,024861543	0
VGM	VGMclosed5	VGM5	closed	66	69	0,563561697	0,630301216	79	0,591036562	2,114738249	8,680884438	8
VGM	VGMopen5	VGM5	open	66	69	0,604437992	0,836102246	32	0,779820915	2,185533101	8,733967687	8
VGM	VGMclosed6	VGM6	closed	66	69	0,538735524	0,704903985	50	0,771571281	2,623494353	12,04458467	7
VGM	VGMopen6	VGM6	open	66	69	0,611361229	0,68826866	69	0,48928208	1,734946517	5,860595413	7
VGM	VGMclosed7	VGM7	closed	66	69	0,560705399	0,736876325	48	0,603878457	3,028493961	10,46677997	0
VGM	VGMopen7	VGM7	open	66	69	0,465002487	0,496520318	37	0,64744025	1,300742669	4,260921391	0
VGM	VGMclosed8	VGM8	closed	66	69	0,581800862	0,719899736	34	0,859182573	2,820778639	11,39459953	4
VGM	VGMopen8	VGM8	open	66	69	0,503288416	0,554348338	42	0,631453729	1,679895464	6,640876633	4
VGM	VGMclosed9	VGM9	closed	66	69	0,49770176	0,650052097	114	0,716031796	1,815699026	7,483077998	17
VGM	VGMopen9	VGM9	open	66	69	0,516555732	0,673210607	33	0,648975535	1,462429635	5,014196732	17
VGM	VGMclosed1	VGM1	closed	72	74	0,609362461	0,688771876	16	0,716537372	0,996023003	3,456414214	9
VGM	VGMopen1	VGM1	open	72	74	0,635237507	0,81790223	9	0,6600139	0,754552201	2,644135772	9
VGM	VGMclosed10	VGM10	closed	72	74	0,491537348	0,661612941	42	0,582611493	2,556075208	9,300844334	5
VGM	VGMopen10	VGM10	open	72	74	0,66019568	0,749844215	69	0,307373375	0,572951849	1,941810088	5
VGM	VGMclosed11	VGM11	closed	72	74	0,444440426	0,551107244	65	0,549371025	1,546077107	5,301601892	7
VGM	VGMopen11	VGM11	open	72	74	0,668895743	0,891472763	49	0,453449969	0,742651845	2,488033762	7
VGM	VGMclosed12	VGM12	closed	72	74	0,624879716	0,869876649	43	0,658322926	2,191619424	8,04496914	26
VGM	VGMopen12	VGM12	open	72	74	0,617715217	0,833724826	37	0,5936861	1,271394388	4,494234061	26
VGM	VGMclosed14	VGM14	closed	72	74	0,67999533	0,896363099	34	0,674414169	1,542618816	6,396299029	25
VGM	VGMopen14	VGM14	open	72	74	0,574833606	0,765944983	22	0,552399519	0,875906314	3,019100588	25
VGM	VGMclosed15	VGM15	closed	72	74	0,630567481	0,864066692	51	0,521107745	1,319302748	3,978398286	23
VGM	VGMopen15	VGM15	open	72	74	0,62701019	0,885149336	21	0,661387626	0,893204375	3,134115302	23
VGM	VGMclosed4	VGM4	closed	72	74	0,542095093	0,591384883	95	0,483190439	2,301682101	7,878469198	0
VGM	VGMopen4	VGM4	open	72	74	0,595889964	0,723216109	60	0,50826591	1,044727562	3,410877964	0
VGM	VGMclosed5	VGM5	closed	72	74	0,556909774	0,610878902	82	0,582243143	1,915872676	7,59003635	8
VGM	VGMopen5	VGM5	open	72	74	0,583676287	0,823368472	33	0,779820915	2,185533101	8,733967687	8
VGM	VGMclosed6	VGM6	closed	72	74	0,535656857	0,716151417	47	0,781073568	2,657277459	11,73363364	7
VGM	VGMopen6	VGM6	open	72	74	0,597091843	0,666605893	67	0,471071492	1,697770556	5,502273645	7
VGM	VGMclosed7	VGM7	closed	72	74	0,587894161	0,768747391	46	0,616198056	3,004128102	10,50332342	0
VGM	VGMopen7	VGM7	open	72	74	0,470078379	0,496435423	42	0,64744025	1,300742669	4,260921391	0
VGM	VGMclosed8	VGM8	closed	72	74	0,619685818	0,76141394	34	0,887736529	2,737505273	11,42933491	4
VGM	VGMopen8	VGM8	open	72	74	0,486589176	0,556274065	37	0,646208985	1,697247824	6,72437716	4
VGM	VGMclosed9	VGM9	closed	72	74	0,447180751	0,584767955	112	0,609676554	1,655996392	5,963599721	17
VGM	VGMopen9	VGM9	open	72	74	0,527631199	0,670118823	35	0,648975535	1,462429635	5,014196732	17
